# NodeID     Time    X   Y  
0 0.0 300.0 100.0
0 0.1 301.5 100.0
0 0.2 303.0 100.0
0 0.3 304.5 100.0
0 0.4 306.0 100.0
0 0.5 307.5 100.0
0 0.6 309.0 100.0
0 0.7 310.5 100.0
0 0.8 312.0 100.0
0 0.9 313.5 100.0
0 1.0 315.0 100.0
0 1.1 316.5 100.0
0 1.2 318.0 100.0
0 1.3 319.5 100.0
0 1.4 321.0 100.0
0 1.5 322.5 100.0
0 1.6 324.0 100.0
0 1.7 325.5 100.0
0 1.8 327.0 100.0
0 1.9 328.5 100.0
0 2.0 330.0 100.0
0 2.1 331.5 100.0
0 2.2 333.0 100.0
0 2.3 334.5 100.0
0 2.4 336.0 100.0
0 2.5 337.5 100.0
0 2.6 339.0 100.0
0 2.7 340.5 100.0
0 2.8 342.0 100.0
0 2.9 343.5 100.0
0 3.0 345.0 100.0
0 3.1 346.5 100.0
0 3.2 348.0 100.0
0 3.3 349.5 100.0
0 3.4 351.0 100.0
0 3.5 352.5 100.0
0 3.6 354.0 100.0
0 3.7 355.5 100.0
0 3.8 357.0 100.0
0 3.9 358.5 100.0
0 4.0 360.0 100.0
0 4.1 361.5 100.0
0 4.2 363.0 100.0
0 4.3 364.5 100.0
0 4.4 366.0 100.0
0 4.5 367.5 100.0
0 4.6 369.0 100.0
0 4.7 370.5 100.0
0 4.8 372.0 100.0
0 4.9 373.5 100.0
0 5.0 375.0 100.0
0 5.1 376.5 100.0
0 5.2 378.0 100.0
0 5.3 379.5 100.0
0 5.4 381.0 100.0
0 5.5 382.5 100.0
0 5.6 384.0 100.0
0 5.7 385.5 100.0
0 5.8 387.0 100.0
0 5.9 388.5 100.0
0 6.0 390.0 100.0
0 6.1 391.5 100.0
0 6.2 393.0 100.0
0 6.3 394.5 100.0
0 6.4 396.0 100.0
0 6.5 397.5 100.0
0 6.6 399.0 100.0
0 6.7 400.5 100.0
0 6.8 402.0 100.0
0 6.9 403.5 100.0
0 7.0 405.0 100.0
0 7.1 406.5 100.0
0 7.2 408.0 100.0
0 7.3 409.5 100.0
0 7.4 411.0 100.0
0 7.5 412.5 100.0
0 7.6 414.0 100.0
0 7.7 415.5 100.0
0 7.8 417.0 100.0
0 7.9 418.5 100.0
0 8.0 420.0 100.0
0 8.1 421.5 100.0
0 8.2 423.0 100.0
0 8.3 424.5 100.0
0 8.4 426.0 100.0
0 8.5 427.5 100.0
0 8.6 429.0 100.0
0 8.7 430.5 100.0
0 8.8 432.0 100.0
0 8.9 433.5 100.0
0 9.0 435.0 100.0
0 9.1 436.5 100.0
0 9.2 438.0 100.0
0 9.3 439.5 100.0
0 9.4 441.0 100.0
0 9.5 442.5 100.0
0 9.6 444.0 100.0
0 9.7 445.5 100.0
0 9.8 447.0 100.0
0 9.9 448.5 100.0
0 10.0 450.0 100.0
0 10.1 451.5 100.0
0 10.2 453.0 100.0
0 10.3 454.5 100.0
0 10.4 456.0 100.0
0 10.5 457.5 100.0
0 10.6 459.0 100.0
0 10.7 460.5 100.0
0 10.8 462.0 100.0
0 10.9 463.5 100.0
0 11.0 465.0 100.0
0 11.1 466.5 100.0
0 11.2 468.0 100.0
0 11.3 469.5 100.0
0 11.4 471.0 100.0
0 11.5 472.5 100.0
0 11.6 474.0 100.0
0 11.7 475.5 100.0
0 11.8 477.0 100.0
0 11.9 478.5 100.0
0 12.0 480.0 100.0
0 12.1 481.5 100.0
0 12.2 483.0 100.0
0 12.3 484.5 100.0
0 12.4 486.0 100.0
0 12.5 487.5 100.0
0 12.6 489.0 100.0
0 12.7 490.5 100.0
0 12.8 492.0 100.0
0 12.9 493.5 100.0
0 13.0 495.0 100.0
0 13.1 496.5 100.0
0 13.2 498.0 100.0
0 13.3 499.5 100.0
0 13.4 501.0 100.0
0 13.5 502.5 100.0
0 13.6 504.0 100.0
0 13.7 505.5 100.0
0 13.8 507.0 100.0
0 13.9 508.5 100.0
0 14.0 510.0 100.0
0 14.1 511.5 100.0
0 14.2 513.0 100.0
0 14.3 514.5 100.0
0 14.4 516.0 100.0
0 14.5 517.5 100.0
0 14.6 519.0 100.0
0 14.7 520.5 100.0
0 14.8 522.0 100.0
0 14.9 523.5 100.0
0 15.0 525.0 100.0
0 15.1 526.5 100.0
0 15.2 528.0 100.0
0 15.3 529.5 100.0
0 15.4 531.0 100.0
0 15.5 532.5 100.0
0 15.6 534.0 100.0
0 15.7 535.5 100.0
0 15.8 537.0 100.0
0 15.9 538.5 100.0
0 16.0 540.0 100.0
0 16.1 541.5 100.0
0 16.2 543.0 100.0
0 16.3 544.5 100.0
0 16.4 546.0 100.0
0 16.5 547.5 100.0
0 16.6 549.0 100.0
0 16.7 550.5 100.0
0 16.8 552.0 100.0
0 16.9 553.5 100.0
0 17.0 555.0 100.0
0 17.1 556.5 100.0
0 17.2 558.0 100.0
0 17.3 559.5 100.0
0 17.4 561.0 100.0
0 17.5 562.5 100.0
0 17.6 564.0 100.0
0 17.7 565.5 100.0
0 17.8 567.0 100.0
0 17.9 568.5 100.0
0 18.0 570.0 100.0
0 18.1 571.5 100.0
0 18.2 573.0 100.0
0 18.3 574.5 100.0
0 18.4 576.0 100.0
0 18.5 577.5 100.0
0 18.6 579.0 100.0
0 18.7 580.5 100.0
0 18.8 582.0 100.0
0 18.9 583.5 100.0
0 19.0 585.0 100.0
0 19.1 586.5 100.0
0 19.2 588.0 100.0
0 19.3 589.5 100.0
0 19.4 591.0 100.0
0 19.5 592.5 100.0
0 19.6 594.0 100.0
0 19.7 595.5 100.0
0 19.8 597.0 100.0
0 19.9 598.5 100.0
0 20.0 600.0 100.0
0 20.1 601.5 100.0
0 20.2 603.0 100.0
0 20.3 604.5 100.0
0 20.4 606.0 100.0
0 20.5 607.5 100.0
0 20.6 609.0 100.0
0 20.7 610.5 100.0
0 20.8 612.0 100.0
0 20.9 613.5 100.0
0 21.0 615.0 100.0
0 21.1 616.5 100.0
0 21.2 618.0 100.0
0 21.3 619.5 100.0
0 21.4 621.0 100.0
0 21.5 622.5 100.0
0 21.6 624.0 100.0
0 21.7 625.5 100.0
0 21.8 627.0 100.0
0 21.9 628.5 100.0
0 22.0 630.0 100.0
0 22.1 631.5 100.0
0 22.2 633.0 100.0
0 22.3 634.5 100.0
0 22.4 636.0 100.0
0 22.5 637.5 100.0
0 22.6 639.0 100.0
0 22.7 640.5 100.0
0 22.8 642.0 100.0
0 22.9 643.5 100.0
0 23.0 645.0 100.0
0 23.1 646.5 100.0
0 23.2 648.0 100.0
0 23.3 649.5 100.0
0 23.4 651.0 100.0
0 23.5 652.5 100.0
0 23.6 654.0 100.0
0 23.7 655.5 100.0
0 23.8 657.0 100.0
0 23.9 658.5 100.0
0 24.0 660.0 100.0
0 24.1 661.5 100.0
0 24.2 663.0 100.0
0 24.3 664.5 100.0
0 24.4 666.0 100.0
0 24.5 667.5 100.0
0 24.6 669.0 100.0
0 24.7 670.5 100.0
0 24.8 672.0 100.0
0 24.9 673.5 100.0
0 25.0 675.0 100.0
0 25.1 676.5 100.0
0 25.2 678.0 100.0
0 25.3 679.5 100.0
0 25.4 681.0 100.0
0 25.5 682.5 100.0
0 25.6 684.0 100.0
0 25.7 685.5 100.0
0 25.8 687.0 100.0
0 25.9 688.5 100.0
0 26.0 690.0 100.0
0 26.1 691.5 100.0
0 26.2 693.0 100.0
0 26.3 694.5 100.0
0 26.4 696.0 100.0
0 26.5 697.5 100.0
0 26.6 699.0 100.0
0 26.7 700.5 100.0
0 26.8 702.0 100.0
0 26.9 703.5 100.0
0 27.0 705.0 100.0
0 27.1 706.5 100.0
0 27.2 708.0 100.0
0 27.3 709.5 100.0
0 27.4 711.0 100.0
0 27.5 712.5 100.0
0 27.6 714.0 100.0
0 27.7 715.5 100.0
0 27.8 717.0 100.0
0 27.9 718.5 100.0
0 28.0 720.0 100.0
0 28.1 721.5 100.0
0 28.2 723.0 100.0
0 28.3 724.5 100.0
0 28.4 726.0 100.0
0 28.5 727.5 100.0
0 28.6 729.0 100.0
0 28.7 730.5 100.0
0 28.8 732.0 100.0
0 28.9 733.5 100.0
0 29.0 735.0 100.0
0 29.1 736.5 100.0
0 29.2 738.0 100.0
0 29.3 739.5 100.0
0 29.4 741.0 100.0
0 29.5 742.5 100.0
0 29.6 744.0 100.0
0 29.7 745.5 100.0
0 29.8 747.0 100.0
0 29.9 748.5 100.0
0 30.0 750.0 100.0
0 30.1 751.5 100.0
0 30.2 753.0 100.0
0 30.3 754.5 100.0
0 30.4 756.0 100.0
0 30.5 757.5 100.0
0 30.6 759.0 100.0
0 30.7 760.5 100.0
0 30.8 762.0 100.0
0 30.9 763.5 100.0
0 31.0 765.0 100.0
0 31.1 766.5 100.0
0 31.2 768.0 100.0
0 31.3 769.5 100.0
0 31.4 771.0 100.0
0 31.5 772.5 100.0
0 31.6 774.0 100.0
0 31.7 775.5 100.0
0 31.8 777.0 100.0
0 31.9 778.5 100.0
0 32.0 780.0 100.0
0 32.1 781.5 100.0
0 32.2 783.0 100.0
0 32.3 784.5 100.0
0 32.4 786.0 100.0
0 32.5 787.5 100.0
0 32.6 789.0 100.0
0 32.7 790.5 100.0
0 32.8 792.0 100.0
0 32.9 793.5 100.0
0 33.0 795.0 100.0
0 33.1 796.5 100.0
0 33.2 798.0 100.0
0 33.3 799.5 100.0
0 33.4 801.0 100.0
0 33.5 802.5 100.0
0 33.6 804.0 100.0
0 33.7 805.5 100.0
0 33.8 807.0 100.0
0 33.9 808.5 100.0
0 34.0 810.0 100.0
0 34.1 811.5 100.0
0 34.2 813.0 100.0
0 34.3 814.5 100.0
0 34.4 816.0 100.0
0 34.5 817.5 100.0
0 34.6 819.0 100.0
0 34.7 820.5 100.0
0 34.8 822.0 100.0
0 34.9 823.5 100.0
0 35.0 825.0 100.0
0 35.1 826.5 100.0
0 35.2 828.0 100.0
0 35.3 829.5 100.0
0 35.4 831.0 100.0
0 35.5 832.5 100.0
0 35.6 834.0 100.0
0 35.7 835.5 100.0
0 35.8 837.0 100.0
0 35.9 838.5 100.0
0 36.0 840.0 100.0
0 36.1 841.5 100.0
0 36.2 843.0 100.0
0 36.3 844.5 100.0
0 36.4 846.0 100.0
0 36.5 847.5 100.0
0 36.6 849.0 100.0
0 36.7 850.5 100.0
0 36.8 852.0 100.0
0 36.9 853.5 100.0
0 37.0 855.0 100.0
0 37.1 856.5 100.0
0 37.2 858.0 100.0
0 37.3 859.5 100.0
0 37.4 861.0 100.0
0 37.5 862.5 100.0
0 37.6 864.0 100.0
0 37.7 865.5 100.0
0 37.8 867.0 100.0
0 37.9 868.5 100.0
0 38.0 870.0 100.0
0 38.1 871.5 100.0
0 38.2 873.0 100.0
0 38.3 874.5 100.0
0 38.4 876.0 100.0
0 38.5 877.5 100.0
0 38.6 879.0 100.0
0 38.7 880.5 100.0
0 38.8 882.0 100.0
0 38.9 883.5 100.0
0 39.0 885.0 100.0
0 39.1 886.5 100.0
0 39.2 888.0 100.0
0 39.3 889.5 100.0
0 39.4 891.0 100.0
0 39.5 892.5 100.0
0 39.6 894.0 100.0
0 39.7 895.5 100.0
0 39.8 897.0 100.0
0 39.9 898.5 100.0
0 40.0 900.0 100.0
0 40.1 901.5 100.0
0 40.2 903.0 100.0
0 40.3 904.5 100.0
0 40.4 906.0 100.0
0 40.5 907.5 100.0
0 40.6 909.0 100.0
0 40.7 910.5 100.0
0 40.8 912.0 100.0
0 40.9 913.5 100.0
0 41.0 915.0 100.0
0 41.1 916.5 100.0
0 41.2 918.0 100.0
0 41.3 919.5 100.0
0 41.4 921.0 100.0
0 41.5 922.5 100.0
0 41.6 924.0 100.0
0 41.7 925.5 100.0
0 41.8 927.0 100.0
0 41.9 928.5 100.0
0 42.0 930.0 100.0
0 42.1 931.5 100.0
0 42.2 933.0 100.0
0 42.3 934.5 100.0
0 42.4 936.0 100.0
0 42.5 937.5 100.0
0 42.6 939.0 100.0
0 42.7 940.5 100.0
0 42.8 942.0 100.0
0 42.9 943.5 100.0
0 43.0 945.0 100.0
0 43.1 946.5 100.0
0 43.2 948.0 100.0
0 43.3 949.5 100.0
0 43.4 951.0 100.0
0 43.5 952.5 100.0
0 43.6 954.0 100.0
0 43.7 955.5 100.0
0 43.8 957.0 100.0
0 43.9 958.5 100.0
0 44.0 960.0 100.0
0 44.1 961.5 100.0
0 44.2 963.0 100.0
0 44.3 964.5 100.0
0 44.4 966.0 100.0
0 44.5 967.5 100.0
0 44.6 969.0 100.0
0 44.7 970.5 100.0
0 44.8 972.0 100.0
0 44.9 973.5 100.0
0 45.0 975.0 100.0
0 45.1 976.5 100.0
0 45.2 978.0 100.0
0 45.3 979.5 100.0
0 45.4 981.0 100.0
0 45.5 982.5 100.0
0 45.6 984.0 100.0
0 45.7 985.5 100.0
0 45.8 987.0 100.0
0 45.9 988.5 100.0
0 46.0 990.0 100.0
0 46.1 991.5 100.0
0 46.2 993.0 100.0
0 46.3 994.5 100.0
0 46.4 996.0 100.0
0 46.5 997.5 100.0
0 46.6 999.0 100.0
0 46.7 1000.5 100.0
0 46.8 1002.0 100.0
0 46.9 1003.5 100.0
0 47.0 1005.0 100.0
0 47.1 1006.5 100.0
0 47.2 1008.0 100.0
0 47.3 1009.5 100.0
0 47.4 1011.0 100.0
0 47.5 1012.5 100.0
0 47.6 1014.0 100.0
0 47.7 1015.5 100.0
0 47.8 1017.0 100.0
0 47.9 1018.5 100.0
0 48.0 1020.0 100.0
0 48.1 1021.5 100.0
0 48.2 1023.0 100.0
0 48.3 1024.5 100.0
0 48.4 1026.0 100.0
0 48.5 1027.5 100.0
0 48.6 1029.0 100.0
0 48.7 1030.5 100.0
0 48.8 1032.0 100.0
0 48.9 1033.5 100.0
0 49.0 1035.0 100.0
0 49.1 1036.5 100.0
0 49.2 1038.0 100.0
0 49.3 1039.5 100.0
0 49.4 1041.0 100.0
0 49.5 1042.5 100.0
0 49.6 1044.0 100.0
0 49.7 1045.5 100.0
0 49.8 1047.0 100.0
0 49.9 1048.5 100.0
0 50.0 1050.0 100.0
0 50.1 1051.5 100.0
0 50.2 1053.0 100.0
0 50.3 1054.5 100.0
0 50.4 1056.0 100.0
0 50.5 1057.5 100.0
0 50.6 1059.0 100.0
0 50.7 1060.5 100.0
0 50.8 1062.0 100.0
0 50.9 1063.5 100.0
0 51.0 1065.0 100.0
0 51.1 1066.5 100.0
0 51.2 1068.0 100.0
0 51.3 1069.5 100.0
0 51.4 1071.0 100.0
0 51.5 1072.5 100.0
0 51.6 1074.0 100.0
0 51.7 1075.5 100.0
0 51.8 1077.0 100.0
0 51.9 1078.5 100.0
0 52.0 1080.0 100.0
0 52.1 1081.5 100.0
0 52.2 1083.0 100.0
0 52.3 1084.5 100.0
0 52.4 1086.0 100.0
0 52.5 1087.5 100.0
0 52.6 1089.0 100.0
0 52.7 1090.5 100.0
0 52.8 1092.0 100.0
0 52.9 1093.5 100.0
0 53.0 1095.0 100.0
0 53.1 1096.5 100.0
0 53.2 1098.0 100.0
0 53.3 1099.5 100.0
0 53.4 1101.0 100.0
0 53.5 1102.5 100.0
0 53.6 1104.0 100.0
0 53.7 1105.5 100.0
0 53.8 1107.0 100.0
0 53.9 1108.5 100.0
0 54.0 1110.0 100.0
0 54.1 1111.5 100.0
0 54.2 1113.0 100.0
0 54.3 1114.5 100.0
0 54.4 1116.0 100.0
0 54.5 1117.5 100.0
0 54.6 1119.0 100.0
0 54.7 1120.5 100.0
0 54.8 1122.0 100.0
0 54.9 1123.5 100.0
0 55.0 1125.0 100.0
0 55.1 1126.5 100.0
0 55.2 1128.0 100.0
0 55.3 1129.5 100.0
0 55.4 1131.0 100.0
0 55.5 1132.5 100.0
0 55.6 1134.0 100.0
0 55.7 1135.5 100.0
0 55.8 1137.0 100.0
0 55.9 1138.5 100.0
0 56.0 1140.0 100.0
0 56.1 1141.5 100.0
0 56.2 1143.0 100.0
0 56.3 1144.5 100.0
0 56.4 1146.0 100.0
0 56.5 1147.5 100.0
0 56.6 1149.0 100.0
0 56.7 1150.5 100.0
0 56.8 1152.0 100.0
0 56.9 1153.5 100.0
0 57.0 1155.0 100.0
0 57.1 1156.5 100.0
0 57.2 1158.0 100.0
0 57.3 1159.5 100.0
0 57.4 1161.0 100.0
0 57.5 1162.5 100.0
0 57.6 1164.0 100.0
0 57.7 1165.5 100.0
0 57.8 1167.0 100.0
0 57.9 1168.5 100.0
0 58.0 1170.0 100.0
0 58.1 1171.5 100.0
0 58.2 1173.0 100.0
0 58.3 1174.5 100.0
0 58.4 1176.0 100.0
0 58.5 1177.5 100.0
0 58.6 1179.0 100.0
0 58.7 1180.5 100.0
0 58.8 1182.0 100.0
0 58.9 1183.5 100.0
0 59.0 1185.0 100.0
0 59.1 1186.5 100.0
0 59.2 1188.0 100.0
0 59.3 1189.5 100.0
0 59.4 1191.0 100.0
0 59.5 1192.5 100.0
0 59.6 1194.0 100.0
0 59.7 1195.5 100.0
0 59.8 1197.0 100.0
0 59.9 1198.5 100.0
0 60.0 1200.0 100.0
0 60.1 1201.5 100.0
0 60.2 1203.0 100.0
0 60.3 1204.5 100.0
0 60.4 1206.0 100.0
0 60.5 1207.5 100.0
0 60.6 1209.0 100.0
0 60.7 1210.5 100.0
0 60.8 1212.0 100.0
0 60.9 1213.5 100.0
0 61.0 1215.0 100.0
0 61.1 1216.5 100.0
0 61.2 1218.0 100.0
0 61.3 1219.5 100.0
0 61.4 1221.0 100.0
0 61.5 1222.5 100.0
0 61.6 1224.0 100.0
0 61.7 1225.5 100.0
0 61.8 1227.0 100.0
0 61.9 1228.5 100.0
0 62.0 1230.0 100.0
0 62.1 1231.5 100.0
0 62.2 1233.0 100.0
0 62.3 1234.5 100.0
0 62.4 1236.0 100.0
0 62.5 1237.5 100.0
0 62.6 1239.0 100.0
0 62.7 1240.5 100.0
0 62.8 1242.0 100.0
0 62.9 1243.5 100.0
0 63.0 1245.0 100.0
0 63.1 1246.5 100.0
0 63.2 1248.0 100.0
0 63.3 1249.5 100.0
0 63.4 1251.0 100.0
0 63.5 1252.5 100.0
0 63.6 1254.0 100.0
0 63.7 1255.5 100.0
0 63.8 1257.0 100.0
0 63.9 1258.5 100.0
0 64.0 1260.0 100.0
0 64.1 1261.5 100.0
0 64.2 1263.0 100.0
0 64.3 1264.5 100.0
0 64.4 1266.0 100.0
0 64.5 1267.5 100.0
0 64.6 1269.0 100.0
0 64.7 1270.5 100.0
0 64.8 1272.0 100.0
0 64.9 1273.5 100.0
0 65.0 1275.0 100.0
0 65.1 1276.5 100.0
0 65.2 1278.0 100.0
0 65.3 1279.5 100.0
0 65.4 1281.0 100.0
0 65.5 1282.5 100.0
0 65.6 1284.0 100.0
0 65.7 1285.5 100.0
0 65.8 1287.0 100.0
0 65.9 1288.5 100.0
0 66.0 1290.0 100.0
0 66.1 1291.5 100.0
0 66.2 1293.0 100.0
0 66.3 1294.5 100.0
0 66.4 1296.0 100.0
0 66.5 1297.5 100.0
0 66.6 1299.0 100.0
0 66.7 1300.5 100.0
0 66.8 1302.0 100.0
0 66.9 1303.5 100.0
0 67.0 1305.0 100.0
0 67.1 1306.5 100.0
0 67.2 1308.0 100.0
0 67.3 1309.5 100.0
0 67.4 1311.0 100.0
0 67.5 1312.5 100.0
0 67.6 1314.0 100.0
0 67.7 1315.5 100.0
0 67.8 1317.0 100.0
0 67.9 1318.5 100.0
0 68.0 1320.0 100.0
0 68.1 1321.5 100.0
0 68.2 1323.0 100.0
0 68.3 1324.5 100.0
0 68.4 1326.0 100.0
0 68.5 1327.5 100.0
0 68.6 1329.0 100.0
0 68.7 1330.5 100.0
0 68.8 1332.0 100.0
0 68.9 1333.5 100.0
0 69.0 1335.0 100.0
0 69.1 1336.5 100.0
0 69.2 1338.0 100.0
0 69.3 1339.5 100.0
0 69.4 1341.0 100.0
0 69.5 1342.5 100.0
0 69.6 1344.0 100.0
0 69.7 1345.5 100.0
0 69.8 1347.0 100.0
0 69.9 1348.5 100.0
0 70.0 1350.0 100.0
0 70.1 1351.5 100.0
0 70.2 1353.0 100.0
0 70.3 1354.5 100.0
0 70.4 1356.0 100.0
0 70.5 1357.5 100.0
0 70.6 1359.0 100.0
0 70.7 1360.5 100.0
0 70.8 1362.0 100.0
0 70.9 1363.5 100.0
0 71.0 1365.0 100.0
0 71.1 1366.5 100.0
0 71.2 1368.0 100.0
0 71.3 1369.5 100.0
0 71.4 1371.0 100.0
0 71.5 1372.5 100.0
0 71.6 1374.0 100.0
0 71.7 1375.5 100.0
0 71.8 1377.0 100.0
0 71.9 1378.5 100.0
0 72.0 1380.0 100.0
0 72.1 1381.5 100.0
0 72.2 1383.0 100.0
0 72.3 1384.5 100.0
0 72.4 1386.0 100.0
0 72.5 1387.5 100.0
0 72.6 1389.0 100.0
0 72.7 1390.5 100.0
0 72.8 1392.0 100.0
0 72.9 1393.5 100.0
0 73.0 1395.0 100.0
0 73.1 1396.5 100.0
0 73.2 1398.0 100.0
0 73.3 1399.5 100.0
0 73.4 1401.0 100.0
0 73.5 1402.5 100.0
0 73.6 1404.0 100.0
0 73.7 1405.5 100.0
0 73.8 1407.0 100.0
0 73.9 1408.5 100.0
0 74.0 1410.0 100.0
0 74.1 1411.5 100.0
0 74.2 1413.0 100.0
0 74.3 1414.5 100.0
0 74.4 1416.0 100.0
0 74.5 1417.5 100.0
0 74.6 1419.0 100.0
0 74.7 1420.5 100.0
0 74.8 1422.0 100.0
0 74.9 1423.5 100.0
0 75.0 1425.0 100.0
0 75.1 1426.5 100.0
0 75.2 1428.0 100.0
0 75.3 1429.5 100.0
0 75.4 1431.0 100.0
0 75.5 1432.5 100.0
0 75.6 1434.0 100.0
0 75.7 1435.5 100.0
0 75.8 1437.0 100.0
0 75.9 1438.5 100.0
0 76.0 1440.0 100.0
0 76.1 1441.5 100.0
0 76.2 1443.0 100.0
0 76.3 1444.5 100.0
0 76.4 1446.0 100.0
0 76.5 1447.5 100.0
0 76.6 1449.0 100.0
0 76.7 1450.5 100.0
0 76.8 1452.0 100.0
0 76.9 1453.5 100.0
0 77.0 1455.0 100.0
0 77.1 1456.5 100.0
0 77.2 1458.0 100.0
0 77.3 1459.5 100.0
0 77.4 1461.0 100.0
0 77.5 1462.5 100.0
0 77.6 1464.0 100.0
0 77.7 1465.5 100.0
0 77.8 1467.0 100.0
0 77.9 1468.5 100.0
0 78.0 1470.0 100.0
0 78.1 1471.5 100.0
0 78.2 1473.0 100.0
0 78.3 1474.5 100.0
0 78.4 1476.0 100.0
0 78.5 1477.5 100.0
0 78.6 1479.0 100.0
0 78.7 1480.5 100.0
0 78.8 1482.0 100.0
0 78.9 1483.5 100.0
0 79.0 1485.0 100.0
0 79.1 1486.5 100.0
0 79.2 1488.0 100.0
0 79.3 1489.5 100.0
0 79.4 1491.0 100.0
0 79.5 1492.5 100.0
0 79.6 1494.0 100.0
0 79.7 1495.5 100.0
0 79.8 1497.0 100.0
0 79.9 1498.5 100.0
0 80.0 1500.0 100.0
0 80.1 1501.5 100.0
0 80.2 1503.0 100.0
0 80.3 1504.5 100.0
0 80.4 1506.0 100.0
0 80.5 1507.5 100.0
0 80.6 1509.0 100.0
0 80.7 1510.5 100.0
0 80.8 1512.0 100.0
0 80.9 1513.5 100.0
0 81.0 1515.0 100.0
0 81.1 1516.5 100.0
0 81.2 1518.0 100.0
0 81.3 1519.5 100.0
0 81.4 1521.0 100.0
0 81.5 1522.5 100.0
0 81.6 1524.0 100.0
0 81.7 1525.5 100.0
0 81.8 1527.0 100.0
0 81.9 1528.5 100.0
0 82.0 1530.0 100.0
0 82.1 1531.5 100.0
0 82.2 1533.0 100.0
0 82.3 1534.5 100.0
0 82.4 1536.0 100.0
0 82.5 1537.5 100.0
0 82.6 1539.0 100.0
0 82.7 1540.5 100.0
0 82.8 1542.0 100.0
0 82.9 1543.5 100.0
0 83.0 1545.0 100.0
0 83.1 1546.5 100.0
0 83.2 1548.0 100.0
0 83.3 1549.5 100.0
0 83.4 1551.0 100.0
0 83.5 1552.5 100.0
0 83.6 1554.0 100.0
0 83.7 1555.5 100.0
0 83.8 1557.0 100.0
0 83.9 1558.5 100.0
0 84.0 1560.0 100.0
0 84.1 1561.5 100.0
0 84.2 1563.0 100.0
0 84.3 1564.5 100.0
0 84.4 1566.0 100.0
0 84.5 1567.5 100.0
0 84.6 1569.0 100.0
0 84.7 1570.5 100.0
0 84.8 1572.0 100.0
0 84.9 1573.5 100.0
0 85.0 1575.0 100.0
0 85.1 1576.5 100.0
0 85.2 1578.0 100.0
0 85.3 1579.5 100.0
0 85.4 1581.0 100.0
0 85.5 1582.5 100.0
0 85.6 1584.0 100.0
0 85.7 1585.5 100.0
0 85.8 1587.0 100.0
0 85.9 1588.5 100.0
0 86.0 1590.0 100.0
0 86.1 1591.5 100.0
0 86.2 1593.0 100.0
0 86.3 1594.5 100.0
0 86.4 1596.0 100.0
0 86.5 1597.5 100.0
0 86.6 1599.0 100.0
0 86.7 1600.5 100.0
0 86.8 1602.0 100.0
0 86.9 1603.5 100.0
0 87.0 1605.0 100.0
0 87.1 1606.5 100.0
0 87.2 1608.0 100.0
0 87.3 1609.5 100.0
0 87.4 1611.0 100.0
0 87.5 1612.5 100.0
0 87.6 1614.0 100.0
0 87.7 1615.5 100.0
0 87.8 1617.0 100.0
0 87.9 1618.5 100.0
0 88.0 1620.0 100.0
0 88.1 1621.5 100.0
0 88.2 1623.0 100.0
0 88.3 1624.5 100.0
0 88.4 1626.0 100.0
0 88.5 1627.5 100.0
0 88.6 1629.0 100.0
0 88.7 1630.5 100.0
0 88.8 1632.0 100.0
0 88.9 1633.5 100.0
0 89.0 1635.0 100.0
0 89.1 1636.5 100.0
0 89.2 1638.0 100.0
0 89.3 1639.5 100.0
0 89.4 1641.0 100.0
0 89.5 1642.5 100.0
0 89.6 1644.0 100.0
0 89.7 1645.5 100.0
0 89.8 1647.0 100.0
0 89.9 1648.5 100.0
0 90.0 1650.0 100.0
0 90.1 1651.5 100.0
0 90.2 1653.0 100.0
0 90.3 1654.5 100.0
0 90.4 1656.0 100.0
0 90.5 1657.5 100.0
0 90.6 1659.0 100.0
0 90.7 1660.5 100.0
0 90.8 1662.0 100.0
0 90.9 1663.5 100.0
0 91.0 1665.0 100.0
0 91.1 1666.5 100.0
0 91.2 1668.0 100.0
0 91.3 1669.5 100.0
0 91.4 1671.0 100.0
0 91.5 1672.5 100.0
0 91.6 1674.0 100.0
0 91.7 1675.5 100.0
0 91.8 1677.0 100.0
0 91.9 1678.5 100.0
0 92.0 1680.0 100.0
0 92.1 1681.5 100.0
0 92.2 1683.0 100.0
0 92.3 1684.5 100.0
0 92.4 1686.0 100.0
0 92.5 1687.5 100.0
0 92.6 1689.0 100.0
0 92.7 1690.5 100.0
0 92.8 1692.0 100.0
0 92.9 1693.5 100.0
0 93.0 1695.0 100.0
0 93.1 1696.5 100.0
0 93.2 1698.0 100.0
0 93.3 1699.5 100.0
0 93.4 1701.0 100.0
0 93.5 1702.5 100.0
0 93.6 1704.0 100.0
0 93.7 1705.5 100.0
0 93.8 1707.0 100.0
0 93.9 1708.5 100.0
0 94.0 1710.0 100.0
0 94.1 1711.5 100.0
0 94.2 1713.0 100.0
0 94.3 1714.5 100.0
0 94.4 1716.0 100.0
0 94.5 1717.5 100.0
0 94.6 1719.0 100.0
0 94.7 1720.5 100.0
0 94.8 1722.0 100.0
0 94.9 1723.5 100.0
0 95.0 1725.0 100.0
0 95.1 1726.5 100.0
0 95.2 1728.0 100.0
0 95.3 1729.5 100.0
0 95.4 1731.0 100.0
0 95.5 1732.5 100.0
0 95.6 1734.0 100.0
0 95.7 1735.5 100.0
0 95.8 1737.0 100.0
0 95.9 1738.5 100.0
0 96.0 1740.0 100.0
0 96.1 1741.5 100.0
0 96.2 1743.0 100.0
0 96.3 1744.5 100.0
0 96.4 1746.0 100.0
0 96.5 1747.5 100.0
0 96.6 1749.0 100.0
0 96.7 1750.5 100.0
0 96.8 1752.0 100.0
0 96.9 1753.5 100.0
0 97.0 1755.0 100.0
0 97.1 1756.5 100.0
0 97.2 1758.0 100.0
0 97.3 1759.5 100.0
0 97.4 1761.0 100.0
0 97.5 1762.5 100.0
0 97.6 1764.0 100.0
0 97.7 1765.5 100.0
0 97.8 1767.0 100.0
0 97.9 1768.5 100.0
0 98.0 1770.0 100.0
0 98.1 1771.5 100.0
0 98.2 1773.0 100.0
0 98.3 1774.5 100.0
0 98.4 1776.0 100.0
0 98.5 1777.5 100.0
0 98.6 1779.0 100.0
0 98.7 1780.5 100.0
0 98.8 1782.0 100.0
0 98.9 1783.5 100.0
0 99.0 1785.0 100.0
0 99.1 1786.5 100.0
0 99.2 1788.0 100.0
0 99.3 1789.5 100.0
0 99.4 1791.0 100.0
0 99.5 1792.5 100.0
0 99.6 1794.0 100.0
0 99.7 1795.5 100.0
0 99.8 1797.0 100.0
0 99.9 1798.5 100.0
0 100.0 1800.0 100.0
0 100.1 1801.5 100.0
0 100.2 1803.0 100.0
0 100.3 1804.5 100.0
0 100.4 1806.0 100.0
0 100.5 1807.5 100.0
0 100.6 1809.0 100.0
0 100.7 1810.5 100.0
0 100.8 1812.0 100.0
0 100.9 1813.5 100.0
0 101.0 1815.0 100.0
0 101.1 1816.5 100.0
0 101.2 1818.0 100.0
0 101.3 1819.5 100.0
0 101.4 1821.0 100.0
0 101.5 1822.5 100.0
0 101.6 1824.0 100.0
0 101.7 1825.5 100.0
0 101.8 1827.0 100.0
0 101.9 1828.5 100.0
0 102.0 1830.0 100.0
0 102.1 1831.5 100.0
0 102.2 1833.0 100.0
0 102.3 1834.5 100.0
0 102.4 1836.0 100.0
0 102.5 1837.5 100.0
0 102.6 1839.0 100.0
0 102.7 1840.5 100.0
0 102.8 1842.0 100.0
0 102.9 1843.5 100.0
0 103.0 1845.0 100.0
0 103.1 1846.5 100.0
0 103.2 1848.0 100.0
0 103.3 1849.5 100.0
0 103.4 1851.0 100.0
0 103.5 1852.5 100.0
0 103.6 1854.0 100.0
0 103.7 1855.5 100.0
0 103.8 1857.0 100.0
0 103.9 1858.5 100.0
0 104.0 1860.0 100.0
0 104.1 1861.5 100.0
0 104.2 1863.0 100.0
0 104.3 1864.5 100.0
0 104.4 1866.0 100.0
0 104.5 1867.5 100.0
0 104.6 1869.0 100.0
0 104.7 1870.5 100.0
0 104.8 1872.0 100.0
0 104.9 1873.5 100.0
0 105.0 1875.0 100.0
0 105.1 1876.5 100.0
0 105.2 1878.0 100.0
0 105.3 1879.5 100.0
0 105.4 1881.0 100.0
0 105.5 1882.5 100.0
0 105.6 1884.0 100.0
0 105.7 1885.5 100.0
0 105.8 1887.0 100.0
0 105.9 1888.5 100.0
0 106.0 1890.0 100.0
0 106.1 1891.5 100.0
0 106.2 1893.0 100.0
0 106.3 1894.5 100.0
0 106.4 1896.0 100.0
0 106.5 1897.5 100.0
0 106.6 1899.0 100.0
0 106.7 1900.5 100.0
0 106.8 1902.0 100.0
0 106.9 1903.5 100.0
0 107.0 1905.0 100.0
0 107.1 1906.5 100.0
0 107.2 1908.0 100.0
0 107.3 1909.5 100.0
0 107.4 1911.0 100.0
0 107.5 1912.5 100.0
0 107.6 1914.0 100.0
0 107.7 1915.5 100.0
0 107.8 1917.0 100.0
0 107.9 1918.5 100.0
0 108.0 1920.0 100.0
0 108.1 1921.5 100.0
0 108.2 1923.0 100.0
0 108.3 1924.5 100.0
0 108.4 1926.0 100.0
0 108.5 1927.5 100.0
0 108.6 1929.0 100.0
0 108.7 1930.5 100.0
0 108.8 1932.0 100.0
0 108.9 1933.5 100.0
0 109.0 1935.0 100.0
0 109.1 1936.5 100.0
0 109.2 1938.0 100.0
0 109.3 1939.5 100.0
0 109.4 1941.0 100.0
0 109.5 1942.5 100.0
0 109.6 1944.0 100.0
0 109.7 1945.5 100.0
0 109.8 1947.0 100.0
0 109.9 1948.5 100.0
0 110.0 1950.0 100.0
0 110.1 1951.5 100.0
0 110.2 1953.0 100.0
0 110.3 1954.5 100.0
0 110.4 1956.0 100.0
0 110.5 1957.5 100.0
0 110.6 1959.0 100.0
0 110.7 1960.5 100.0
0 110.8 1962.0 100.0
0 110.9 1963.5 100.0
0 111.0 1965.0 100.0
0 111.1 1966.5 100.0
0 111.2 1968.0 100.0
0 111.3 1969.5 100.0
0 111.4 1971.0 100.0
0 111.5 1972.5 100.0
0 111.6 1974.0 100.0
0 111.7 1975.5 100.0
0 111.8 1977.0 100.0
0 111.9 1978.5 100.0
0 112.0 1980.0 100.0
0 112.1 1981.5 100.0
0 112.2 1983.0 100.0
0 112.3 1984.5 100.0
0 112.4 1986.0 100.0
0 112.5 1987.5 100.0
0 112.6 1989.0 100.0
0 112.7 1990.5 100.0
0 112.8 1992.0 100.0
0 112.9 1993.5 100.0
0 113.0 1995.0 100.0
0 113.1 1996.5 100.0
0 113.2 1998.0 100.0
0 113.3 1999.5 100.0
0 113.4 2001.0 100.0
0 113.5 2002.5 100.0
0 113.6 2004.0 100.0
0 113.7 2005.5 100.0
0 113.8 2007.0 100.0
0 113.9 2008.5 100.0
0 114.0 2010.0 100.0
0 114.1 2011.5 100.0
0 114.2 2013.0 100.0
0 114.3 2014.5 100.0
0 114.4 2016.0 100.0
0 114.5 2017.5 100.0
0 114.6 2019.0 100.0
0 114.7 2020.5 100.0
0 114.8 2022.0 100.0
0 114.9 2023.5 100.0
0 115.0 2025.0 100.0
0 115.1 2026.5 100.0
0 115.2 2028.0 100.0
0 115.3 2029.5 100.0
0 115.4 2031.0 100.0
0 115.5 2032.5 100.0
0 115.6 2034.0 100.0
0 115.7 2035.5 100.0
0 115.8 2037.0 100.0
0 115.9 2038.5 100.0
0 116.0 2040.0 100.0
0 116.1 2041.5 100.0
0 116.2 2043.0 100.0
0 116.3 2044.5 100.0
0 116.4 2046.0 100.0
0 116.5 2047.5 100.0
0 116.6 2049.0 100.0
0 116.7 2050.5 100.0
0 116.8 2052.0 100.0
0 116.9 2053.5 100.0
0 117.0 2055.0 100.0
0 117.1 2056.5 100.0
0 117.2 2058.0 100.0
0 117.3 2059.5 100.0
0 117.4 2061.0 100.0
0 117.5 2062.5 100.0
0 117.6 2064.0 100.0
0 117.7 2065.5 100.0
0 117.8 2067.0 100.0
0 117.9 2068.5 100.0
0 118.0 2070.0 100.0
0 118.1 2071.5 100.0
0 118.2 2073.0 100.0
0 118.3 2074.5 100.0
0 118.4 2076.0 100.0
0 118.5 2077.5 100.0
0 118.6 2079.0 100.0
0 118.7 2080.5 100.0
0 118.8 2082.0 100.0
0 118.9 2083.5 100.0
0 119.0 2085.0 100.0
0 119.1 2086.5 100.0
0 119.2 2088.0 100.0
0 119.3 2089.5 100.0
0 119.4 2091.0 100.0
0 119.5 2092.5 100.0
0 119.6 2094.0 100.0
0 119.7 2095.5 100.0
0 119.8 2097.0 100.0
0 119.9 2098.5 100.0
0 120.0 2100.0 100.0
0 120.1 2101.5 100.0
0 120.2 2103.0 100.0
0 120.3 2104.5 100.0
0 120.4 2106.0 100.0
0 120.5 2107.5 100.0
0 120.6 2109.0 100.0
0 120.7 2110.5 100.0
0 120.8 2112.0 100.0
0 120.9 2113.5 100.0
0 121.0 2115.0 100.0
0 121.1 2116.5 100.0
0 121.2 2118.0 100.0
0 121.3 2119.5 100.0
0 121.4 2121.0 100.0
0 121.5 2122.5 100.0
0 121.6 2124.0 100.0
0 121.7 2125.5 100.0
0 121.8 2127.0 100.0
0 121.9 2128.5 100.0
0 122.0 2130.0 100.0
0 122.1 2131.5 100.0
0 122.2 2133.0 100.0
0 122.3 2134.5 100.0
0 122.4 2136.0 100.0
0 122.5 2137.5 100.0
0 122.6 2139.0 100.0
0 122.7 2140.5 100.0
0 122.8 2142.0 100.0
0 122.9 2143.5 100.0
0 123.0 2145.0 100.0
0 123.1 2146.5 100.0
0 123.2 2148.0 100.0
0 123.3 2149.5 100.0
0 123.4 2151.0 100.0
0 123.5 2152.5 100.0
0 123.6 2154.0 100.0
0 123.7 2155.5 100.0
0 123.8 2157.0 100.0
0 123.9 2158.5 100.0
0 124.0 2160.0 100.0
0 124.1 2161.5 100.0
0 124.2 2163.0 100.0
0 124.3 2164.5 100.0
0 124.4 2166.0 100.0
0 124.5 2167.5 100.0
0 124.6 2169.0 100.0
0 124.7 2170.5 100.0
0 124.8 2172.0 100.0
0 124.9 2173.5 100.0
0 125.0 2175.0 100.0
0 125.1 2176.5 100.0
0 125.2 2178.0 100.0
0 125.3 2179.5 100.0
0 125.4 2181.0 100.0
0 125.5 2182.5 100.0
0 125.6 2184.0 100.0
0 125.7 2185.5 100.0
0 125.8 2187.0 100.0
0 125.9 2188.5 100.0
0 126.0 2190.0 100.0
0 126.1 2191.5 100.0
0 126.2 2193.0 100.0
0 126.3 2194.5 100.0
0 126.4 2196.0 100.0
0 126.5 2197.5 100.0
0 126.6 2199.0 100.0
0 126.7 2200.5 100.0
0 126.8 2202.0 100.0
0 126.9 2203.5 100.0
0 127.0 2205.0 100.0
0 127.1 2206.5 100.0
0 127.2 2208.0 100.0
0 127.3 2209.5 100.0
0 127.4 2211.0 100.0
0 127.5 2212.5 100.0
0 127.6 2214.0 100.0
0 127.7 2215.5 100.0
0 127.8 2217.0 100.0
0 127.9 2218.5 100.0
0 128.0 2220.0 100.0
0 128.1 2221.5 100.0
0 128.2 2223.0 100.0
0 128.3 2224.5 100.0
0 128.4 2226.0 100.0
0 128.5 2227.5 100.0
0 128.6 2229.0 100.0
0 128.7 2230.5 100.0
0 128.8 2232.0 100.0
0 128.9 2233.5 100.0
0 129.0 2235.0 100.0
0 129.1 2236.5 100.0
0 129.2 2238.0 100.0
0 129.3 2239.5 100.0
0 129.4 2241.0 100.0
0 129.5 2242.5 100.0
0 129.6 2244.0 100.0
0 129.7 2245.5 100.0
0 129.8 2247.0 100.0
0 129.9 2248.5 100.0
0 130.0 2250.0 100.0
0 130.1 2251.5 100.0
0 130.2 2253.0 100.0
0 130.3 2254.5 100.0
0 130.4 2256.0 100.0
0 130.5 2257.5 100.0
0 130.6 2259.0 100.0
0 130.7 2260.5 100.0
0 130.8 2262.0 100.0
0 130.9 2263.5 100.0
0 131.0 2265.0 100.0
0 131.1 2266.5 100.0
0 131.2 2268.0 100.0
0 131.3 2269.5 100.0
0 131.4 2271.0 100.0
0 131.5 2272.5 100.0
0 131.6 2274.0 100.0
0 131.7 2275.5 100.0
0 131.8 2277.0 100.0
0 131.9 2278.5 100.0
0 132.0 2280.0 100.0
0 132.1 2281.5 100.0
0 132.2 2283.0 100.0
0 132.3 2284.5 100.0
0 132.4 2286.0 100.0
0 132.5 2287.5 100.0
0 132.6 2289.0 100.0
0 132.7 2290.5 100.0
0 132.8 2292.0 100.0
0 132.9 2293.5 100.0
0 133.0 2295.0 100.0
0 133.1 2296.5 100.0
0 133.2 2298.0 100.0
0 133.3 2299.5 100.0
0 133.4 2301.0 100.0
0 133.5 2302.5 100.0
0 133.6 2304.0 100.0
0 133.7 2305.5 100.0
0 133.8 2307.0 100.0
0 133.9 2308.5 100.0
0 134.0 2310.0 100.0
0 134.1 2311.5 100.0
0 134.2 2313.0 100.0
0 134.3 2314.5 100.0
0 134.4 2316.0 100.0
0 134.5 2317.5 100.0
0 134.6 2319.0 100.0
0 134.7 2320.5 100.0
0 134.8 2322.0 100.0
0 134.9 2323.5 100.0
0 135.0 2325.0 100.0
0 135.1 2326.5 100.0
0 135.2 2328.0 100.0
0 135.3 2329.5 100.0
0 135.4 2331.0 100.0
0 135.5 2332.5 100.0
0 135.6 2334.0 100.0
0 135.7 2335.5 100.0
0 135.8 2337.0 100.0
0 135.9 2338.5 100.0
0 136.0 2340.0 100.0
0 136.1 2341.5 100.0
0 136.2 2343.0 100.0
0 136.3 2344.5 100.0
0 136.4 2346.0 100.0
0 136.5 2347.5 100.0
0 136.6 2349.0 100.0
0 136.7 2350.5 100.0
0 136.8 2352.0 100.0
0 136.9 2353.5 100.0
0 137.0 2355.0 100.0
0 137.1 2356.5 100.0
0 137.2 2358.0 100.0
0 137.3 2359.5 100.0
0 137.4 2361.0 100.0
0 137.5 2362.5 100.0
0 137.6 2364.0 100.0
0 137.7 2365.5 100.0
0 137.8 2367.0 100.0
0 137.9 2368.5 100.0
0 138.0 2370.0 100.0
0 138.1 2371.5 100.0
0 138.2 2373.0 100.0
0 138.3 2374.5 100.0
0 138.4 2376.0 100.0
0 138.5 2377.5 100.0
0 138.6 2379.0 100.0
0 138.7 2380.5 100.0
0 138.8 2382.0 100.0
0 138.9 2383.5 100.0
0 139.0 2385.0 100.0
0 139.1 2386.5 100.0
0 139.2 2388.0 100.0
0 139.3 2389.5 100.0
0 139.4 2391.0 100.0
0 139.5 2392.5 100.0
0 139.6 2394.0 100.0
0 139.7 2395.5 100.0
0 139.8 2397.0 100.0
0 139.9 2398.5 100.0
0 140.0 2400.0 100.0
0 140.1 2401.5 100.0
0 140.2 2403.0 100.0
0 140.3 2404.5 100.0
0 140.4 2406.0 100.0
0 140.5 2407.5 100.0
0 140.6 2409.0 100.0
0 140.7 2410.5 100.0
0 140.8 2412.0 100.0
0 140.9 2413.5 100.0
0 141.0 2415.0 100.0
0 141.1 2416.5 100.0
0 141.2 2418.0 100.0
0 141.3 2419.5 100.0
0 141.4 2421.0 100.0
0 141.5 2422.5 100.0
0 141.6 2424.0 100.0
0 141.7 2425.5 100.0
0 141.8 2427.0 100.0
0 141.9 2428.5 100.0
0 142.0 2430.0 100.0
0 142.1 2431.5 100.0
0 142.2 2433.0 100.0
0 142.3 2434.5 100.0
0 142.4 2436.0 100.0
0 142.5 2437.5 100.0
0 142.6 2439.0 100.0
0 142.7 2440.5 100.0
0 142.8 2442.0 100.0
0 142.9 2443.5 100.0
0 143.0 2445.0 100.0
0 143.1 2446.5 100.0
0 143.2 2448.0 100.0
0 143.3 2449.5 100.0
0 143.4 2451.0 100.0
0 143.5 2452.5 100.0
0 143.6 2454.0 100.0
0 143.7 2455.5 100.0
0 143.8 2457.0 100.0
0 143.9 2458.5 100.0
0 144.0 2460.0 100.0
0 144.1 2461.5 100.0
0 144.2 2463.0 100.0
0 144.3 2464.5 100.0
0 144.4 2466.0 100.0
0 144.5 2467.5 100.0
0 144.6 2469.0 100.0
0 144.7 2470.5 100.0
0 144.8 2472.0 100.0
0 144.9 2473.5 100.0
0 145.0 2475.0 100.0
0 145.1 2476.5 100.0
0 145.2 2478.0 100.0
0 145.3 2479.5 100.0
0 145.4 2481.0 100.0
0 145.5 2482.5 100.0
0 145.6 2484.0 100.0
0 145.7 2485.5 100.0
0 145.8 2487.0 100.0
0 145.9 2488.5 100.0
0 146.0 2490.0 100.0
0 146.1 2491.5 100.0
0 146.2 2493.0 100.0
0 146.3 2494.5 100.0
0 146.4 2496.0 100.0
0 146.5 2497.5 100.0
0 146.6 2499.0 100.0
0 146.7 2500.5 100.0
0 146.8 2502.0 100.0
0 146.9 2503.5 100.0
0 147.0 2505.0 100.0
0 147.1 2506.5 100.0
0 147.2 2508.0 100.0
0 147.3 2509.5 100.0
0 147.4 2511.0 100.0
0 147.5 2512.5 100.0
0 147.6 2514.0 100.0
0 147.7 2515.5 100.0
0 147.8 2517.0 100.0
0 147.9 2518.5 100.0
0 148.0 2520.0 100.0
0 148.1 2521.5 100.0
0 148.2 2523.0 100.0
0 148.3 2524.5 100.0
0 148.4 2526.0 100.0
0 148.5 2527.5 100.0
0 148.6 2529.0 100.0
0 148.7 2530.5 100.0
0 148.8 2532.0 100.0
0 148.9 2533.5 100.0
0 149.0 2535.0 100.0
0 149.1 2536.5 100.0
0 149.2 2538.0 100.0
0 149.3 2539.5 100.0
0 149.4 2541.0 100.0
0 149.5 2542.5 100.0
0 149.6 2544.0 100.0
0 149.7 2545.5 100.0
0 149.8 2547.0 100.0
0 149.9 2548.5 100.0
0 150.0 2550.0 100.0
0 150.1 2551.5 100.0
0 150.2 2553.0 100.0
0 150.3 2554.5 100.0
0 150.4 2556.0 100.0
0 150.5 2557.5 100.0
0 150.6 2559.0 100.0
0 150.7 2560.5 100.0
0 150.8 2562.0 100.0
0 150.9 2563.5 100.0
0 151.0 2565.0 100.0
0 151.1 2566.5 100.0
0 151.2 2568.0 100.0
0 151.3 2569.5 100.0
0 151.4 2571.0 100.0
0 151.5 2572.5 100.0
0 151.6 2574.0 100.0
0 151.7 2575.5 100.0
0 151.8 2577.0 100.0
0 151.9 2578.5 100.0
0 152.0 2580.0 100.0
0 152.1 2581.5 100.0
0 152.2 2583.0 100.0
0 152.3 2584.5 100.0
0 152.4 2586.0 100.0
0 152.5 2587.5 100.0
0 152.6 2589.0 100.0
0 152.7 2590.5 100.0
0 152.8 2592.0 100.0
0 152.9 2593.5 100.0
0 153.0 2595.0 100.0
0 153.1 2596.5 100.0
0 153.2 2598.0 100.0
0 153.3 2599.5 100.0
0 153.4 2601.0 100.0
0 153.5 2602.5 100.0
0 153.6 2604.0 100.0
0 153.7 2605.5 100.0
0 153.8 2607.0 100.0
0 153.9 2608.5 100.0
0 154.0 2610.0 100.0
0 154.1 2611.5 100.0
0 154.2 2613.0 100.0
0 154.3 2614.5 100.0
0 154.4 2616.0 100.0
0 154.5 2617.5 100.0
0 154.6 2619.0 100.0
0 154.7 2620.5 100.0
0 154.8 2622.0 100.0
0 154.9 2623.5 100.0
0 155.0 2625.0 100.0
0 155.1 2626.5 100.0
0 155.2 2628.0 100.0
0 155.3 2629.5 100.0
0 155.4 2631.0 100.0
0 155.5 2632.5 100.0
0 155.6 2634.0 100.0
0 155.7 2635.5 100.0
0 155.8 2637.0 100.0
0 155.9 2638.5 100.0
0 156.0 2640.0 100.0
0 156.1 2641.5 100.0
0 156.2 2643.0 100.0
0 156.3 2644.5 100.0
0 156.4 2646.0 100.0
0 156.5 2647.5 100.0
0 156.6 2649.0 100.0
0 156.7 2650.5 100.0
0 156.8 2652.0 100.0
0 156.9 2653.5 100.0
0 157.0 2655.0 100.0
0 157.1 2656.5 100.0
0 157.2 2658.0 100.0
0 157.3 2659.5 100.0
0 157.4 2661.0 100.0
0 157.5 2662.5 100.0
0 157.6 2664.0 100.0
0 157.7 2665.5 100.0
0 157.8 2667.0 100.0
0 157.9 2668.5 100.0
0 158.0 2670.0 100.0
0 158.1 2671.5 100.0
0 158.2 2673.0 100.0
0 158.3 2674.5 100.0
0 158.4 2676.0 100.0
0 158.5 2677.5 100.0
0 158.6 2679.0 100.0
0 158.7 2680.5 100.0
0 158.8 2682.0 100.0
0 158.9 2683.5 100.0
0 159.0 2685.0 100.0
0 159.1 2686.5 100.0
0 159.2 2688.0 100.0
0 159.3 2689.5 100.0
0 159.4 2691.0 100.0
0 159.5 2692.5 100.0
0 159.6 2694.0 100.0
0 159.7 2695.5 100.0
0 159.8 2697.0 100.0
0 159.9 2698.5 100.0
0 160.0 2700.0 100.0
0 160.1 2701.5 100.0
0 160.2 2703.0 100.0
0 160.3 2704.5 100.0
0 160.4 2706.0 100.0
0 160.5 2707.5 100.0
0 160.6 2709.0 100.0
0 160.7 2710.5 100.0
0 160.8 2712.0 100.0
0 160.9 2713.5 100.0
0 161.0 2715.0 100.0
0 161.1 2716.5 100.0
0 161.2 2718.0 100.0
0 161.3 2719.5 100.0
0 161.4 2721.0 100.0
0 161.5 2722.5 100.0
0 161.6 2724.0 100.0
0 161.7 2725.5 100.0
0 161.8 2727.0 100.0
0 161.9 2728.5 100.0
0 162.0 2730.0 100.0
0 162.1 2731.5 100.0
0 162.2 2733.0 100.0
0 162.3 2734.5 100.0
0 162.4 2736.0 100.0
0 162.5 2737.5 100.0
0 162.6 2739.0 100.0
0 162.7 2740.5 100.0
0 162.8 2742.0 100.0
0 162.9 2743.5 100.0
0 163.0 2745.0 100.0
0 163.1 2746.5 100.0
0 163.2 2748.0 100.0
0 163.3 2749.5 100.0
0 163.4 2751.0 100.0
0 163.5 2752.5 100.0
0 163.6 2754.0 100.0
0 163.7 2755.5 100.0
0 163.8 2757.0 100.0
0 163.9 2758.5 100.0
0 164.0 2760.0 100.0
0 164.1 2761.5 100.0
0 164.2 2763.0 100.0
0 164.3 2764.5 100.0
0 164.4 2766.0 100.0
0 164.5 2767.5 100.0
0 164.6 2769.0 100.0
0 164.7 2770.5 100.0
0 164.8 2772.0 100.0
0 164.9 2773.5 100.0
0 165.0 2775.0 100.0
0 165.1 2776.5 100.0
0 165.2 2778.0 100.0
0 165.3 2779.5 100.0
0 165.4 2781.0 100.0
0 165.5 2782.5 100.0
0 165.6 2784.0 100.0
0 165.7 2785.5 100.0
0 165.8 2787.0 100.0
0 165.9 2788.5 100.0
0 166.0 2790.0 100.0
0 166.1 2791.5 100.0
0 166.2 2793.0 100.0
0 166.3 2794.5 100.0
0 166.4 2796.0 100.0
0 166.5 2797.5 100.0
0 166.6 2799.0 100.0
0 166.7 2800.5 100.0
0 166.8 2802.0 100.0
0 166.9 2803.5 100.0
0 167.0 2805.0 100.0
0 167.1 2806.5 100.0
0 167.2 2808.0 100.0
0 167.3 2809.5 100.0
0 167.4 2811.0 100.0
0 167.5 2812.5 100.0
0 167.6 2814.0 100.0
0 167.7 2815.5 100.0
0 167.8 2817.0 100.0
0 167.9 2818.5 100.0
0 168.0 2820.0 100.0
0 168.1 2821.5 100.0
0 168.2 2823.0 100.0
0 168.3 2824.5 100.0
0 168.4 2826.0 100.0
0 168.5 2827.5 100.0
0 168.6 2829.0 100.0
0 168.7 2830.5 100.0
0 168.8 2832.0 100.0
0 168.9 2833.5 100.0
0 169.0 2835.0 100.0
0 169.1 2836.5 100.0
0 169.2 2838.0 100.0
0 169.3 2839.5 100.0
0 169.4 2841.0 100.0
0 169.5 2842.5 100.0
0 169.6 2844.0 100.0
0 169.7 2845.5 100.0
0 169.8 2847.0 100.0
0 169.9 2848.5 100.0
0 170.0 2850.0 100.0
0 170.1 2851.5 100.0
0 170.2 2853.0 100.0
0 170.3 2854.5 100.0
0 170.4 2856.0 100.0
0 170.5 2857.5 100.0
0 170.6 2859.0 100.0
0 170.7 2860.5 100.0
0 170.8 2862.0 100.0
0 170.9 2863.5 100.0
0 171.0 2865.0 100.0
0 171.1 2866.5 100.0
0 171.2 2868.0 100.0
0 171.3 2869.5 100.0
0 171.4 2871.0 100.0
0 171.5 2872.5 100.0
0 171.6 2874.0 100.0
0 171.7 2875.5 100.0
0 171.8 2877.0 100.0
0 171.9 2878.5 100.0
0 172.0 2880.0 100.0
0 172.1 2881.5 100.0
0 172.2 2883.0 100.0
0 172.3 2884.5 100.0
0 172.4 2886.0 100.0
0 172.5 2887.5 100.0
0 172.6 2889.0 100.0
0 172.7 2890.5 100.0
0 172.8 2892.0 100.0
0 172.9 2893.5 100.0
0 173.0 2895.0 100.0
0 173.1 2896.5 100.0
0 173.2 2898.0 100.0
0 173.3 2899.5 100.0
0 173.4 2901.0 100.0
0 173.5 2902.5 100.0
0 173.6 2904.0 100.0
0 173.7 2905.5 100.0
0 173.8 2907.0 100.0
0 173.9 2908.5 100.0
0 174.0 2910.0 100.0
0 174.1 2911.5 100.0
0 174.2 2913.0 100.0
0 174.3 2914.5 100.0
0 174.4 2916.0 100.0
0 174.5 2917.5 100.0
0 174.6 2919.0 100.0
0 174.7 2920.5 100.0
0 174.8 2922.0 100.0
0 174.9 2923.5 100.0
0 175.0 2925.0 100.0
0 175.1 2926.5 100.0
0 175.2 2928.0 100.0
0 175.3 2929.5 100.0
0 175.4 2931.0 100.0
0 175.5 2932.5 100.0
0 175.6 2934.0 100.0
0 175.7 2935.5 100.0
0 175.8 2937.0 100.0
0 175.9 2938.5 100.0
0 176.0 2940.0 100.0
0 176.1 2941.5 100.0
0 176.2 2943.0 100.0
0 176.3 2944.5 100.0
0 176.4 2946.0 100.0
0 176.5 2947.5 100.0
0 176.6 2949.0 100.0
0 176.7 2950.5 100.0
0 176.8 2952.0 100.0
0 176.9 2953.5 100.0
0 177.0 2955.0 100.0
0 177.1 2956.5 100.0
0 177.2 2958.0 100.0
0 177.3 2959.5 100.0
0 177.4 2961.0 100.0
0 177.5 2962.5 100.0
0 177.6 2964.0 100.0
0 177.7 2965.5 100.0
0 177.8 2967.0 100.0
0 177.9 2968.5 100.0
0 178.0 2970.0 100.0
0 178.1 2971.5 100.0
0 178.2 2973.0 100.0
0 178.3 2974.5 100.0
0 178.4 2976.0 100.0
0 178.5 2977.5 100.0
0 178.6 2979.0 100.0
0 178.7 2980.5 100.0
0 178.8 2982.0 100.0
0 178.9 2983.5 100.0
0 179.0 2985.0 100.0
0 179.1 2986.5 100.0
0 179.2 2988.0 100.0
0 179.3 2989.5 100.0
0 179.4 2991.0 100.0
0 179.5 2992.5 100.0
0 179.6 2994.0 100.0
0 179.7 2995.5 100.0
0 179.8 2997.0 100.0
0 179.9 2998.5 100.0
0 180.0 3000.0 100.0
0 180.1 3001.5 100.0
0 180.2 3003.0 100.0
0 180.3 3004.5 100.0
0 180.4 3006.0 100.0
0 180.5 3007.5 100.0
0 180.6 3009.0 100.0
0 180.7 3010.5 100.0
0 180.8 3012.0 100.0
0 180.9 3013.5 100.0
0 181.0 3015.0 100.0
0 181.1 3016.5 100.0
0 181.2 3018.0 100.0
0 181.3 3019.5 100.0
0 181.4 3021.0 100.0
0 181.5 3022.5 100.0
0 181.6 3024.0 100.0
0 181.7 3025.5 100.0
0 181.8 3027.0 100.0
0 181.9 3028.5 100.0
0 182.0 3030.0 100.0
0 182.1 3031.5 100.0
0 182.2 3033.0 100.0
0 182.3 3034.5 100.0
0 182.4 3036.0 100.0
0 182.5 3037.5 100.0
0 182.6 3039.0 100.0
0 182.7 3040.5 100.0
0 182.8 3042.0 100.0
0 182.9 3043.5 100.0
0 183.0 3045.0 100.0
0 183.1 3046.5 100.0
0 183.2 3048.0 100.0
0 183.3 3049.5 100.0
0 183.4 3051.0 100.0
0 183.5 3052.5 100.0
0 183.6 3054.0 100.0
0 183.7 3055.5 100.0
0 183.8 3057.0 100.0
0 183.9 3058.5 100.0
0 184.0 3060.0 100.0
0 184.1 3061.5 100.0
0 184.2 3063.0 100.0
0 184.3 3064.5 100.0
0 184.4 3066.0 100.0
0 184.5 3067.5 100.0
0 184.6 3069.0 100.0
0 184.7 3070.5 100.0
0 184.8 3072.0 100.0
0 184.9 3073.5 100.0
0 185.0 3075.0 100.0
0 185.1 3076.5 100.0
0 185.2 3078.0 100.0
0 185.3 3079.5 100.0
0 185.4 3081.0 100.0
0 185.5 3082.5 100.0
0 185.6 3084.0 100.0
0 185.7 3085.5 100.0
0 185.8 3087.0 100.0
0 185.9 3088.5 100.0
0 186.0 3090.0 100.0
0 186.1 3091.5 100.0
0 186.2 3093.0 100.0
0 186.3 3094.5 100.0
0 186.4 3096.0 100.0
0 186.5 3097.5 100.0
0 186.6 3099.0 100.0
0 186.7 3100.5 100.0
0 186.8 3102.0 100.0
0 186.9 3103.5 100.0
0 187.0 3105.0 100.0
0 187.1 3106.5 100.0
0 187.2 3108.0 100.0
0 187.3 3109.5 100.0
0 187.4 3111.0 100.0
0 187.5 3112.5 100.0
0 187.6 3114.0 100.0
0 187.7 3115.5 100.0
0 187.8 3117.0 100.0
0 187.9 3118.5 100.0
0 188.0 3120.0 100.0
0 188.1 3121.5 100.0
0 188.2 3123.0 100.0
0 188.3 3124.5 100.0
0 188.4 3126.0 100.0
0 188.5 3127.5 100.0
0 188.6 3129.0 100.0
0 188.7 3130.5 100.0
0 188.8 3132.0 100.0
0 188.9 3133.5 100.0
0 189.0 3135.0 100.0
0 189.1 3136.5 100.0
0 189.2 3138.0 100.0
0 189.3 3139.5 100.0
0 189.4 3141.0 100.0
0 189.5 3142.5 100.0
0 189.6 3144.0 100.0
0 189.7 3145.5 100.0
0 189.8 3147.0 100.0
0 189.9 3148.5 100.0
0 190.0 3150.0 100.0
0 190.1 3151.5 100.0
0 190.2 3153.0 100.0
0 190.3 3154.5 100.0
0 190.4 3156.0 100.0
0 190.5 3157.5 100.0
0 190.6 3159.0 100.0
0 190.7 3160.5 100.0
0 190.8 3162.0 100.0
0 190.9 3163.5 100.0
0 191.0 3165.0 100.0
0 191.1 3166.5 100.0
0 191.2 3168.0 100.0
0 191.3 3169.5 100.0
0 191.4 3171.0 100.0
0 191.5 3172.5 100.0
0 191.6 3174.0 100.0
0 191.7 3175.5 100.0
0 191.8 3177.0 100.0
0 191.9 3178.5 100.0
0 192.0 3180.0 100.0
0 192.1 3181.5 100.0
0 192.2 3183.0 100.0
0 192.3 3184.5 100.0
0 192.4 3186.0 100.0
0 192.5 3187.5 100.0
0 192.6 3189.0 100.0
0 192.7 3190.5 100.0
0 192.8 3192.0 100.0
0 192.9 3193.5 100.0
0 193.0 3195.0 100.0
0 193.1 3196.5 100.0
0 193.2 3198.0 100.0
0 193.3 3199.5 100.0
0 193.4 3201.0 100.0
0 193.5 3202.5 100.0
0 193.6 3204.0 100.0
0 193.7 3205.5 100.0
0 193.8 3207.0 100.0
0 193.9 3208.5 100.0
0 194.0 3210.0 100.0
0 194.1 3211.5 100.0
0 194.2 3213.0 100.0
0 194.3 3214.5 100.0
0 194.4 3216.0 100.0
0 194.5 3217.5 100.0
0 194.6 3219.0 100.0
0 194.7 3220.5 100.0
0 194.8 3222.0 100.0
0 194.9 3223.5 100.0
0 195.0 3225.0 100.0
0 195.1 3226.5 100.0
0 195.2 3228.0 100.0
0 195.3 3229.5 100.0
0 195.4 3231.0 100.0
0 195.5 3232.5 100.0
0 195.6 3234.0 100.0
0 195.7 3235.5 100.0
0 195.8 3237.0 100.0
0 195.9 3238.5 100.0
0 196.0 3240.0 100.0
0 196.1 3241.5 100.0
0 196.2 3243.0 100.0
0 196.3 3244.5 100.0
0 196.4 3246.0 100.0
0 196.5 3247.5 100.0
0 196.6 3249.0 100.0
0 196.7 3250.5 100.0
0 196.8 3252.0 100.0
0 196.9 3253.5 100.0
0 197.0 3255.0 100.0
0 197.1 3256.5 100.0
0 197.2 3258.0 100.0
0 197.3 3259.5 100.0
0 197.4 3261.0 100.0
0 197.5 3262.5 100.0
0 197.6 3264.0 100.0
0 197.7 3265.5 100.0
0 197.8 3267.0 100.0
0 197.9 3268.5 100.0
0 198.0 3270.0 100.0
0 198.1 3271.5 100.0
0 198.2 3273.0 100.0
0 198.3 3274.5 100.0
0 198.4 3276.0 100.0
0 198.5 3277.5 100.0
0 198.6 3279.0 100.0
0 198.7 3280.5 100.0
0 198.8 3282.0 100.0
0 198.9 3283.5 100.0
0 199.0 3285.0 100.0
0 199.1 3286.5 100.0
0 199.2 3288.0 100.0
0 199.3 3289.5 100.0
0 199.4 3291.0 100.0
0 199.5 3292.5 100.0
0 199.6 3294.0 100.0
0 199.7 3295.5 100.0
0 199.8 3297.0 100.0
0 199.9 3298.5 100.0
0 200.0 3300.0 100.0
0 200.1 3301.5 100.0
0 200.2 3303.0 100.0
0 200.3 3304.5 100.0
0 200.4 3306.0 100.0
0 200.5 3307.5 100.0
0 200.6 3309.0 100.0
0 200.7 3310.5 100.0
0 200.8 3312.0 100.0
0 200.9 3313.5 100.0
0 201.0 3315.0 100.0
0 201.1 3316.5 100.0
0 201.2 3318.0 100.0
0 201.3 3319.5 100.0
0 201.4 3321.0 100.0
0 201.5 3322.5 100.0
0 201.6 3324.0 100.0
0 201.7 3325.5 100.0
0 201.8 3327.0 100.0
0 201.9 3328.5 100.0
0 202.0 3330.0 100.0
0 202.1 3331.5 100.0
0 202.2 3333.0 100.0
0 202.3 3334.5 100.0
0 202.4 3336.0 100.0
0 202.5 3337.5 100.0
0 202.6 3339.0 100.0
0 202.7 3340.5 100.0
0 202.8 3342.0 100.0
0 202.9 3343.5 100.0
0 203.0 3345.0 100.0
0 203.1 3346.5 100.0
0 203.2 3348.0 100.0
0 203.3 3349.5 100.0
0 203.4 3351.0 100.0
0 203.5 3352.5 100.0
0 203.6 3354.0 100.0
0 203.7 3355.5 100.0
0 203.8 3357.0 100.0
0 203.9 3358.5 100.0
0 204.0 3360.0 100.0
0 204.1 3361.5 100.0
0 204.2 3363.0 100.0
0 204.3 3364.5 100.0
0 204.4 3366.0 100.0
0 204.5 3367.5 100.0
0 204.6 3369.0 100.0
0 204.7 3370.5 100.0
0 204.8 3372.0 100.0
0 204.9 3373.5 100.0
0 205.0 3375.0 100.0
0 205.1 3376.5 100.0
0 205.2 3378.0 100.0
0 205.3 3379.5 100.0
0 205.4 3381.0 100.0
0 205.5 3382.5 100.0
0 205.6 3384.0 100.0
0 205.7 3385.5 100.0
0 205.8 3387.0 100.0
0 205.9 3388.5 100.0
0 206.0 3390.0 100.0
0 206.1 3391.5 100.0
0 206.2 3393.0 100.0
0 206.3 3394.5 100.0
0 206.4 3396.0 100.0
0 206.5 3397.5 100.0
0 206.6 3399.0 100.0
0 206.7 3400.5 100.0
0 206.8 3402.0 100.0
0 206.9 3403.5 100.0
0 207.0 3405.0 100.0
0 207.1 3406.5 100.0
0 207.2 3408.0 100.0
0 207.3 3409.5 100.0
0 207.4 3411.0 100.0
0 207.5 3412.5 100.0
0 207.6 3414.0 100.0
0 207.7 3415.5 100.0
0 207.8 3417.0 100.0
0 207.9 3418.5 100.0
0 208.0 3420.0 100.0
0 208.1 3421.5 100.0
0 208.2 3423.0 100.0
0 208.3 3424.5 100.0
0 208.4 3426.0 100.0
0 208.5 3427.5 100.0
0 208.6 3429.0 100.0
0 208.7 3430.5 100.0
0 208.8 3432.0 100.0
0 208.9 3433.5 100.0
0 209.0 3435.0 100.0
0 209.1 3436.5 100.0
0 209.2 3438.0 100.0
0 209.3 3439.5 100.0
0 209.4 3441.0 100.0
0 209.5 3442.5 100.0
0 209.6 3444.0 100.0
0 209.7 3445.5 100.0
0 209.8 3447.0 100.0
0 209.9 3448.5 100.0
0 210.0 3450.0 100.0
0 210.1 3451.5 100.0
0 210.2 3453.0 100.0
0 210.3 3454.5 100.0
0 210.4 3456.0 100.0
0 210.5 3457.5 100.0
0 210.6 3459.0 100.0
0 210.7 3460.5 100.0
0 210.8 3462.0 100.0
0 210.9 3463.5 100.0
0 211.0 3465.0 100.0
0 211.1 3466.5 100.0
0 211.2 3468.0 100.0
0 211.3 3469.5 100.0
0 211.4 3471.0 100.0
0 211.5 3472.5 100.0
0 211.6 3474.0 100.0
0 211.7 3475.5 100.0
0 211.8 3477.0 100.0
0 211.9 3478.5 100.0
0 212.0 3480.0 100.0
0 212.1 3481.5 100.0
0 212.2 3483.0 100.0
0 212.3 3484.5 100.0
0 212.4 3486.0 100.0
0 212.5 3487.5 100.0
0 212.6 3489.0 100.0
0 212.7 3490.5 100.0
0 212.8 3492.0 100.0
0 212.9 3493.5 100.0
0 213.0 3495.0 100.0
0 213.1 3496.5 100.0
0 213.2 3498.0 100.0
0 213.3 3499.5 100.0
0 213.4 3501.0 100.0
0 213.5 3502.5 100.0
0 213.6 3504.0 100.0
0 213.7 3505.5 100.0
0 213.8 3507.0 100.0
0 213.9 3508.5 100.0
0 214.0 3510.0 100.0
0 214.1 3511.5 100.0
0 214.2 3513.0 100.0
0 214.3 3514.5 100.0
0 214.4 3516.0 100.0
0 214.5 3517.5 100.0
0 214.6 3519.0 100.0
0 214.7 3520.5 100.0
0 214.8 3522.0 100.0
0 214.9 3523.5 100.0
0 215.0 3525.0 100.0
0 215.1 3526.5 100.0
0 215.2 3528.0 100.0
0 215.3 3529.5 100.0
0 215.4 3531.0 100.0
0 215.5 3532.5 100.0
0 215.6 3534.0 100.0
0 215.7 3535.5 100.0
0 215.8 3537.0 100.0
0 215.9 3538.5 100.0
0 216.0 3540.0 100.0
0 216.1 3541.5 100.0
0 216.2 3543.0 100.0
0 216.3 3544.5 100.0
0 216.4 3546.0 100.0
0 216.5 3547.5 100.0
0 216.6 3549.0 100.0
0 216.7 3550.5 100.0
0 216.8 3552.0 100.0
0 216.9 3553.5 100.0
0 217.0 3555.0 100.0
0 217.1 3556.5 100.0
0 217.2 3558.0 100.0
0 217.3 3559.5 100.0
0 217.4 3561.0 100.0
0 217.5 3562.5 100.0
0 217.6 3564.0 100.0
0 217.7 3565.5 100.0
0 217.8 3567.0 100.0
0 217.9 3568.5 100.0
0 218.0 3570.0 100.0
0 218.1 3571.5 100.0
0 218.2 3573.0 100.0
0 218.3 3574.5 100.0
0 218.4 3576.0 100.0
0 218.5 3577.5 100.0
0 218.6 3579.0 100.0
0 218.7 3580.5 100.0
0 218.8 3582.0 100.0
0 218.9 3583.5 100.0
0 219.0 3585.0 100.0
0 219.1 3586.5 100.0
0 219.2 3588.0 100.0
0 219.3 3589.5 100.0
0 219.4 3591.0 100.0
0 219.5 3592.5 100.0
0 219.6 3594.0 100.0
0 219.7 3595.5 100.0
0 219.8 3597.0 100.0
0 219.9 3598.5 100.0
0 220.0 3600.0 100.0
0 220.1 3601.5 100.0
0 220.2 3603.0 100.0
0 220.3 3604.5 100.0
0 220.4 3606.0 100.0
0 220.5 3607.5 100.0
0 220.6 3609.0 100.0
0 220.7 3610.5 100.0
0 220.8 3612.0 100.0
0 220.9 3613.5 100.0
0 221.0 3615.0 100.0
0 221.1 3616.5 100.0
0 221.2 3618.0 100.0
0 221.3 3619.5 100.0
0 221.4 3621.0 100.0
0 221.5 3622.5 100.0
0 221.6 3624.0 100.0
0 221.7 3625.5 100.0
0 221.8 3627.0 100.0
0 221.9 3628.5 100.0
0 222.0 3630.0 100.0
0 222.1 3631.5 100.0
0 222.2 3633.0 100.0
0 222.3 3634.5 100.0
0 222.4 3636.0 100.0
0 222.5 3637.5 100.0
0 222.6 3639.0 100.0
0 222.7 3640.5 100.0
0 222.8 3642.0 100.0
0 222.9 3643.5 100.0
0 223.0 3645.0 100.0
0 223.1 3646.5 100.0
0 223.2 3648.0 100.0
0 223.3 3649.5 100.0
0 223.4 3651.0 100.0
0 223.5 3652.5 100.0
0 223.6 3654.0 100.0
0 223.7 3655.5 100.0
0 223.8 3657.0 100.0
0 223.9 3658.5 100.0
0 224.0 3660.0 100.0
0 224.1 3661.5 100.0
0 224.2 3663.0 100.0
0 224.3 3664.5 100.0
0 224.4 3666.0 100.0
0 224.5 3667.5 100.0
0 224.6 3669.0 100.0
0 224.7 3670.5 100.0
0 224.8 3672.0 100.0
0 224.9 3673.5 100.0
0 225.0 3675.0 100.0
0 225.1 3676.5 100.0
0 225.2 3678.0 100.0
0 225.3 3679.5 100.0
0 225.4 3681.0 100.0
0 225.5 3682.5 100.0
0 225.6 3684.0 100.0
0 225.7 3685.5 100.0
0 225.8 3687.0 100.0
0 225.9 3688.5 100.0
0 226.0 3690.0 100.0
0 226.1 3691.5 100.0
0 226.2 3693.0 100.0
0 226.3 3694.5 100.0
0 226.4 3696.0 100.0
0 226.5 3697.5 100.0
0 226.6 3699.0 100.0
0 226.7 3700.5 100.0
0 226.8 3702.0 100.0
0 226.9 3703.5 100.0
0 227.0 3705.0 100.0
0 227.1 3706.5 100.0
0 227.2 3708.0 100.0
0 227.3 3709.5 100.0
0 227.4 3711.0 100.0
0 227.5 3712.5 100.0
0 227.6 3714.0 100.0
0 227.7 3715.5 100.0
0 227.8 3717.0 100.0
0 227.9 3718.5 100.0
0 228.0 3720.0 100.0
0 228.1 3721.5 100.0
0 228.2 3723.0 100.0
0 228.3 3724.5 100.0
0 228.4 3726.0 100.0
0 228.5 3727.5 100.0
0 228.6 3729.0 100.0
0 228.7 3730.5 100.0
0 228.8 3732.0 100.0
0 228.9 3733.5 100.0
0 229.0 3735.0 100.0
0 229.1 3736.5 100.0
0 229.2 3738.0 100.0
0 229.3 3739.5 100.0
0 229.4 3741.0 100.0
0 229.5 3742.5 100.0
0 229.6 3744.0 100.0
0 229.7 3745.5 100.0
0 229.8 3747.0 100.0
0 229.9 3748.5 100.0
0 230.0 3750.0 100.0
0 230.1 3751.5 100.0
0 230.2 3753.0 100.0
0 230.3 3754.5 100.0
0 230.4 3756.0 100.0
0 230.5 3757.5 100.0
0 230.6 3759.0 100.0
0 230.7 3760.5 100.0
0 230.8 3762.0 100.0
0 230.9 3763.5 100.0
0 231.0 3765.0 100.0
0 231.1 3766.5 100.0
0 231.2 3768.0 100.0
0 231.3 3769.5 100.0
0 231.4 3771.0 100.0
0 231.5 3772.5 100.0
0 231.6 3774.0 100.0
0 231.7 3775.5 100.0
0 231.8 3777.0 100.0
0 231.9 3778.5 100.0
0 232.0 3780.0 100.0
0 232.1 3781.5 100.0
0 232.2 3783.0 100.0
0 232.3 3784.5 100.0
0 232.4 3786.0 100.0
0 232.5 3787.5 100.0
0 232.6 3789.0 100.0
0 232.7 3790.5 100.0
0 232.8 3792.0 100.0
0 232.9 3793.5 100.0
0 233.0 3795.0 100.0
0 233.1 3796.5 100.0
0 233.2 3798.0 100.0
0 233.3 3799.5 100.0
0 233.4 3801.0 100.0
0 233.5 3802.5 100.0
0 233.6 3804.0 100.0
0 233.7 3805.5 100.0
0 233.8 3807.0 100.0
0 233.9 3808.5 100.0
0 234.0 3810.0 100.0
0 234.1 3811.5 100.0
0 234.2 3813.0 100.0
0 234.3 3814.5 100.0
0 234.4 3816.0 100.0
0 234.5 3817.5 100.0
0 234.6 3819.0 100.0
0 234.7 3820.5 100.0
0 234.8 3822.0 100.0
0 234.9 3823.5 100.0
0 235.0 3825.0 100.0
0 235.1 3826.5 100.0
0 235.2 3828.0 100.0
0 235.3 3829.5 100.0
0 235.4 3831.0 100.0
0 235.5 3832.5 100.0
0 235.6 3834.0 100.0
0 235.7 3835.5 100.0
0 235.8 3837.0 100.0
0 235.9 3838.5 100.0
0 236.0 3840.0 100.0
0 236.1 3841.5 100.0
0 236.2 3843.0 100.0
0 236.3 3844.5 100.0
0 236.4 3846.0 100.0
0 236.5 3847.5 100.0
0 236.6 3849.0 100.0
0 236.7 3850.5 100.0
0 236.8 3852.0 100.0
0 236.9 3853.5 100.0
0 237.0 3855.0 100.0
0 237.1 3856.5 100.0
0 237.2 3858.0 100.0
0 237.3 3859.5 100.0
0 237.4 3861.0 100.0
0 237.5 3862.5 100.0
0 237.6 3864.0 100.0
0 237.7 3865.5 100.0
0 237.8 3867.0 100.0
0 237.9 3868.5 100.0
0 238.0 3870.0 100.0
0 238.1 3871.5 100.0
0 238.2 3873.0 100.0
0 238.3 3874.5 100.0
0 238.4 3876.0 100.0
0 238.5 3877.5 100.0
0 238.6 3879.0 100.0
0 238.7 3880.5 100.0
0 238.8 3882.0 100.0
0 238.9 3883.5 100.0
0 239.0 3885.0 100.0
0 239.1 3886.5 100.0
0 239.2 3888.0 100.0
0 239.3 3889.5 100.0
0 239.4 3891.0 100.0
0 239.5 3892.5 100.0
0 239.6 3894.0 100.0
0 239.7 3895.5 100.0
0 239.8 3897.0 100.0
0 239.9 3898.5 100.0
0 240.0 3900.0 100.0
0 240.1 3901.5 100.0
0 240.2 3903.0 100.0
0 240.3 3904.5 100.0
0 240.4 3906.0 100.0
0 240.5 3907.5 100.0
0 240.6 3909.0 100.0
0 240.7 3910.5 100.0
0 240.8 3912.0 100.0
0 240.9 3913.5 100.0
0 241.0 3915.0 100.0
0 241.1 3916.5 100.0
0 241.2 3918.0 100.0
0 241.3 3919.5 100.0
0 241.4 3921.0 100.0
0 241.5 3922.5 100.0
0 241.6 3924.0 100.0
0 241.7 3925.5 100.0
0 241.8 3927.0 100.0
0 241.9 3928.5 100.0
0 242.0 3930.0 100.0
0 242.1 3931.5 100.0
0 242.2 3933.0 100.0
0 242.3 3934.5 100.0
0 242.4 3936.0 100.0
0 242.5 3937.5 100.0
0 242.6 3939.0 100.0
0 242.7 3940.5 100.0
0 242.8 3942.0 100.0
0 242.9 3943.5 100.0
0 243.0 3945.0 100.0
0 243.1 3946.5 100.0
0 243.2 3948.0 100.0
0 243.3 3949.5 100.0
0 243.4 3951.0 100.0
0 243.5 3952.5 100.0
0 243.6 3954.0 100.0
0 243.7 3955.5 100.0
0 243.8 3957.0 100.0
0 243.9 3958.5 100.0
0 244.0 3960.0 100.0
0 244.1 3961.5 100.0
0 244.2 3963.0 100.0
0 244.3 3964.5 100.0
0 244.4 3966.0 100.0
0 244.5 3967.5 100.0
0 244.6 3969.0 100.0
0 244.7 3970.5 100.0
0 244.8 3972.0 100.0
0 244.9 3973.5 100.0
0 245.0 3975.0 100.0
0 245.1 3976.5 100.0
0 245.2 3978.0 100.0
0 245.3 3979.5 100.0
0 245.4 3981.0 100.0
0 245.5 3982.5 100.0
0 245.6 3984.0 100.0
0 245.7 3985.5 100.0
0 245.8 3987.0 100.0
0 245.9 3988.5 100.0
0 246.0 3990.0 100.0
0 246.1 3991.5 100.0
0 246.2 3993.0 100.0
0 246.3 3994.5 100.0
0 246.4 3996.0 100.0
0 246.5 3997.5 100.0
0 246.6 3999.0 100.0
0 246.7 4000.5 100.0
0 246.8 4002.0 100.0
0 246.9 4003.5 100.0
0 247.0 4005.0 100.0
0 247.1 4006.5 100.0
0 247.2 4008.0 100.0
0 247.3 4009.5 100.0
0 247.4 4011.0 100.0
0 247.5 4012.5 100.0
0 247.6 4014.0 100.0
0 247.7 4015.5 100.0
0 247.8 4017.0 100.0
0 247.9 4018.5 100.0
0 248.0 4020.0 100.0
0 248.1 4021.5 100.0
0 248.2 4023.0 100.0
0 248.3 4024.5 100.0
0 248.4 4026.0 100.0
0 248.5 4027.5 100.0
0 248.6 4029.0 100.0
0 248.7 4030.5 100.0
0 248.8 4032.0 100.0
0 248.9 4033.5 100.0
0 249.0 4035.0 100.0
0 249.1 4036.5 100.0
0 249.2 4038.0 100.0
0 249.3 4039.5 100.0
0 249.4 4041.0 100.0
0 249.5 4042.5 100.0
0 249.6 4044.0 100.0
0 249.7 4045.5 100.0
0 249.8 4047.0 100.0
0 249.9 4048.5 100.0
0 250.0 4050.0 100.0
0 250.1 4051.5 100.0
0 250.2 4053.0 100.0
0 250.3 4054.5 100.0
0 250.4 4056.0 100.0
0 250.5 4057.5 100.0
0 250.6 4059.0 100.0
0 250.7 4060.5 100.0
0 250.8 4062.0 100.0
0 250.9 4063.5 100.0
0 251.0 4065.0 100.0
0 251.1 4066.5 100.0
0 251.2 4068.0 100.0
0 251.3 4069.5 100.0
0 251.4 4071.0 100.0
0 251.5 4072.5 100.0
0 251.6 4074.0 100.0
0 251.7 4075.5 100.0
0 251.8 4077.0 100.0
0 251.9 4078.5 100.0
0 252.0 4080.0 100.0
0 252.1 4081.5 100.0
0 252.2 4083.0 100.0
0 252.3 4084.5 100.0
0 252.4 4086.0 100.0
0 252.5 4087.5 100.0
0 252.6 4089.0 100.0
0 252.7 4090.5 100.0
0 252.8 4092.0 100.0
0 252.9 4093.5 100.0
0 253.0 4095.0 100.0
0 253.1 4096.5 100.0
0 253.2 4098.0 100.0
0 253.3 4099.5 100.0
0 253.4 4101.0 100.0
0 253.5 4102.5 100.0
0 253.6 4104.0 100.0
0 253.7 4105.5 100.0
0 253.8 4107.0 100.0
0 253.9 4108.5 100.0
0 254.0 4110.0 100.0
0 254.1 4111.5 100.0
0 254.2 4113.0 100.0
0 254.3 4114.5 100.0
0 254.4 4116.0 100.0
0 254.5 4117.5 100.0
0 254.6 4119.0 100.0
0 254.7 4120.5 100.0
0 254.8 4122.0 100.0
0 254.9 4123.5 100.0
0 255.0 4125.0 100.0
0 255.1 4126.5 100.0
0 255.2 4128.0 100.0
0 255.3 4129.5 100.0
0 255.4 4131.0 100.0
0 255.5 4132.5 100.0
0 255.6 4134.0 100.0
0 255.7 4135.5 100.0
0 255.8 4137.0 100.0
0 255.9 4138.5 100.0
0 256.0 4140.0 100.0
0 256.1 4141.5 100.0
0 256.2 4143.0 100.0
0 256.3 4144.5 100.0
0 256.4 4146.0 100.0
0 256.5 4147.5 100.0
0 256.6 4149.0 100.0
0 256.7 4150.5 100.0
0 256.8 4152.0 100.0
0 256.9 4153.5 100.0
0 257.0 4155.0 100.0
0 257.1 4156.5 100.0
0 257.2 4158.0 100.0
0 257.3 4159.5 100.0
0 257.4 4161.0 100.0
0 257.5 4162.5 100.0
0 257.6 4164.0 100.0
0 257.7 4165.5 100.0
0 257.8 4167.0 100.0
0 257.9 4168.5 100.0
0 258.0 4170.0 100.0
0 258.1 4171.5 100.0
0 258.2 4173.0 100.0
0 258.3 4174.5 100.0
0 258.4 4176.0 100.0
0 258.5 4177.5 100.0
0 258.6 4179.0 100.0
0 258.7 4180.5 100.0
0 258.8 4182.0 100.0
0 258.9 4183.5 100.0
0 259.0 4185.0 100.0
0 259.1 4186.5 100.0
0 259.2 4188.0 100.0
0 259.3 4189.5 100.0
0 259.4 4191.0 100.0
0 259.5 4192.5 100.0
0 259.6 4194.0 100.0
0 259.7 4195.5 100.0
0 259.8 4197.0 100.0
0 259.9 4198.5 100.0
0 260.0 4200.0 100.0
0 260.1 4201.5 100.0
0 260.2 4203.0 100.0
0 260.3 4204.5 100.0
0 260.4 4206.0 100.0
0 260.5 4207.5 100.0
0 260.6 4209.0 100.0
0 260.7 4210.5 100.0
0 260.8 4212.0 100.0
0 260.9 4213.5 100.0
0 261.0 4215.0 100.0
0 261.1 4216.5 100.0
0 261.2 4218.0 100.0
0 261.3 4219.5 100.0
0 261.4 4221.0 100.0
0 261.5 4222.5 100.0
0 261.6 4224.0 100.0
0 261.7 4225.5 100.0
0 261.8 4227.0 100.0
0 261.9 4228.5 100.0
0 262.0 4230.0 100.0
0 262.1 4231.5 100.0
0 262.2 4233.0 100.0
0 262.3 4234.5 100.0
0 262.4 4236.0 100.0
0 262.5 4237.5 100.0
0 262.6 4239.0 100.0
0 262.7 4240.5 100.0
0 262.8 4242.0 100.0
0 262.9 4243.5 100.0
0 263.0 4245.0 100.0
0 263.1 4246.5 100.0
0 263.2 4248.0 100.0
0 263.3 4249.5 100.0
0 263.4 4251.0 100.0
0 263.5 4252.5 100.0
0 263.6 4254.0 100.0
0 263.7 4255.5 100.0
0 263.8 4257.0 100.0
0 263.9 4258.5 100.0
0 264.0 4260.0 100.0
0 264.1 4261.5 100.0
0 264.2 4263.0 100.0
0 264.3 4264.5 100.0
0 264.4 4266.0 100.0
0 264.5 4267.5 100.0
0 264.6 4269.0 100.0
0 264.7 4270.5 100.0
0 264.8 4272.0 100.0
0 264.9 4273.5 100.0
0 265.0 4275.0 100.0
0 265.1 4276.5 100.0
0 265.2 4278.0 100.0
0 265.3 4279.5 100.0
0 265.4 4281.0 100.0
0 265.5 4282.5 100.0
0 265.6 4284.0 100.0
0 265.7 4285.5 100.0
0 265.8 4287.0 100.0
0 265.9 4288.5 100.0
0 266.0 4290.0 100.0
0 266.1 4291.5 100.0
0 266.2 4293.0 100.0
0 266.3 4294.5 100.0
0 266.4 4296.0 100.0
0 266.5 4297.5 100.0
0 266.6 4299.0 100.0
0 266.7 4300.5 100.0
0 266.8 4302.0 100.0
0 266.9 4303.5 100.0
0 267.0 4305.0 100.0
0 267.1 4306.5 100.0
0 267.2 4308.0 100.0
0 267.3 4309.5 100.0
0 267.4 4311.0 100.0
0 267.5 4312.5 100.0
0 267.6 4314.0 100.0
0 267.7 4315.5 100.0
0 267.8 4317.0 100.0
0 267.9 4318.5 100.0
0 268.0 4320.0 100.0
0 268.1 4321.5 100.0
0 268.2 4323.0 100.0
0 268.3 4324.5 100.0
0 268.4 4326.0 100.0
0 268.5 4327.5 100.0
0 268.6 4329.0 100.0
0 268.7 4330.5 100.0
0 268.8 4332.0 100.0
0 268.9 4333.5 100.0
0 269.0 4335.0 100.0
0 269.1 4336.5 100.0
0 269.2 4338.0 100.0
0 269.3 4339.5 100.0
0 269.4 4341.0 100.0
0 269.5 4342.5 100.0
0 269.6 4344.0 100.0
0 269.7 4345.5 100.0
0 269.8 4347.0 100.0
0 269.9 4348.5 100.0
0 270.0 4350.0 100.0
0 270.1 4351.5 100.0
0 270.2 4353.0 100.0
0 270.3 4354.5 100.0
0 270.4 4356.0 100.0
0 270.5 4357.5 100.0
0 270.6 4359.0 100.0
0 270.7 4360.5 100.0
0 270.8 4362.0 100.0
0 270.9 4363.5 100.0
0 271.0 4365.0 100.0
0 271.1 4366.5 100.0
0 271.2 4368.0 100.0
0 271.3 4369.5 100.0
0 271.4 4371.0 100.0
0 271.5 4372.5 100.0
0 271.6 4374.0 100.0
0 271.7 4375.5 100.0
0 271.8 4377.0 100.0
0 271.9 4378.5 100.0
0 272.0 4380.0 100.0
0 272.1 4381.5 100.0
0 272.2 4383.0 100.0
0 272.3 4384.5 100.0
0 272.4 4386.0 100.0
0 272.5 4387.5 100.0
0 272.6 4389.0 100.0
0 272.7 4390.5 100.0
0 272.8 4392.0 100.0
0 272.9 4393.5 100.0
0 273.0 4395.0 100.0
0 273.1 4396.5 100.0
0 273.2 4398.0 100.0
0 273.3 4399.5 100.0
0 273.4 4401.0 100.0
0 273.5 4402.5 100.0
0 273.6 4404.0 100.0
0 273.7 4405.5 100.0
0 273.8 4407.0 100.0
0 273.9 4408.5 100.0
0 274.0 4410.0 100.0
0 274.1 4411.5 100.0
0 274.2 4413.0 100.0
0 274.3 4414.5 100.0
0 274.4 4416.0 100.0
0 274.5 4417.5 100.0
0 274.6 4419.0 100.0
0 274.7 4420.5 100.0
0 274.8 4422.0 100.0
0 274.9 4423.5 100.0
0 275.0 4425.0 100.0
0 275.1 4426.5 100.0
0 275.2 4428.0 100.0
0 275.3 4429.5 100.0
0 275.4 4431.0 100.0
0 275.5 4432.5 100.0
0 275.6 4434.0 100.0
0 275.7 4435.5 100.0
0 275.8 4437.0 100.0
0 275.9 4438.5 100.0
0 276.0 4440.0 100.0
0 276.1 4441.5 100.0
0 276.2 4443.0 100.0
0 276.3 4444.5 100.0
0 276.4 4446.0 100.0
0 276.5 4447.5 100.0
0 276.6 4449.0 100.0
0 276.7 4450.5 100.0
0 276.8 4452.0 100.0
0 276.9 4453.5 100.0
0 277.0 4455.0 100.0
0 277.1 4456.5 100.0
0 277.2 4458.0 100.0
0 277.3 4459.5 100.0
0 277.4 4461.0 100.0
0 277.5 4462.5 100.0
0 277.6 4464.0 100.0
0 277.7 4465.5 100.0
0 277.8 4467.0 100.0
0 277.9 4468.5 100.0
0 278.0 4470.0 100.0
0 278.1 4471.5 100.0
0 278.2 4473.0 100.0
0 278.3 4474.5 100.0
0 278.4 4476.0 100.0
0 278.5 4477.5 100.0
0 278.6 4479.0 100.0
0 278.7 4480.5 100.0
0 278.8 4482.0 100.0
0 278.9 4483.5 100.0
0 279.0 4485.0 100.0
0 279.1 4486.5 100.0
0 279.2 4488.0 100.0
0 279.3 4489.5 100.0
0 279.4 4491.0 100.0
0 279.5 4492.5 100.0
0 279.6 4494.0 100.0
0 279.7 4495.5 100.0
0 279.8 4497.0 100.0
0 279.9 4498.5 100.0
0 280.0 4500.0 100.0
0 280.1 4501.5 100.0
0 280.2 4503.0 100.0
0 280.3 4504.5 100.0
0 280.4 4506.0 100.0
0 280.5 4507.5 100.0
0 280.6 4509.0 100.0
0 280.7 4510.5 100.0
0 280.8 4512.0 100.0
0 280.9 4513.5 100.0
0 281.0 4515.0 100.0
0 281.1 4516.5 100.0
0 281.2 4518.0 100.0
0 281.3 4519.5 100.0
0 281.4 4521.0 100.0
0 281.5 4522.5 100.0
0 281.6 4524.0 100.0
0 281.7 4525.5 100.0
0 281.8 4527.0 100.0
0 281.9 4528.5 100.0
0 282.0 4530.0 100.0
0 282.1 4531.5 100.0
0 282.2 4533.0 100.0
0 282.3 4534.5 100.0
0 282.4 4536.0 100.0
0 282.5 4537.5 100.0
0 282.6 4539.0 100.0
0 282.7 4540.5 100.0
0 282.8 4542.0 100.0
0 282.9 4543.5 100.0
0 283.0 4545.0 100.0
0 283.1 4546.5 100.0
0 283.2 4548.0 100.0
0 283.3 4549.5 100.0
0 283.4 4551.0 100.0
0 283.5 4552.5 100.0
0 283.6 4554.0 100.0
0 283.7 4555.5 100.0
0 283.8 4557.0 100.0
0 283.9 4558.5 100.0
0 284.0 4560.0 100.0
0 284.1 4561.5 100.0
0 284.2 4563.0 100.0
0 284.3 4564.5 100.0
0 284.4 4566.0 100.0
0 284.5 4567.5 100.0
0 284.6 4569.0 100.0
0 284.7 4570.5 100.0
0 284.8 4572.0 100.0
0 284.9 4573.5 100.0
0 285.0 4575.0 100.0
0 285.1 4576.5 100.0
0 285.2 4578.0 100.0
0 285.3 4579.5 100.0
0 285.4 4581.0 100.0
0 285.5 4582.5 100.0
0 285.6 4584.0 100.0
0 285.7 4585.5 100.0
0 285.8 4587.0 100.0
0 285.9 4588.5 100.0
0 286.0 4590.0 100.0
0 286.1 4591.5 100.0
0 286.2 4593.0 100.0
0 286.3 4594.5 100.0
0 286.4 4596.0 100.0
0 286.5 4597.5 100.0
0 286.6 4599.0 100.0
0 286.7 4600.5 100.0
0 286.8 4602.0 100.0
0 286.9 4603.5 100.0
0 287.0 4605.0 100.0
0 287.1 4606.5 100.0
0 287.2 4608.0 100.0
0 287.3 4609.5 100.0
0 287.4 4611.0 100.0
0 287.5 4612.5 100.0
0 287.6 4614.0 100.0
0 287.7 4615.5 100.0
0 287.8 4617.0 100.0
0 287.9 4618.5 100.0
0 288.0 4620.0 100.0
0 288.1 4621.5 100.0
0 288.2 4623.0 100.0
0 288.3 4624.5 100.0
0 288.4 4626.0 100.0
0 288.5 4627.5 100.0
0 288.6 4629.0 100.0
0 288.7 4630.5 100.0
0 288.8 4632.0 100.0
0 288.9 4633.5 100.0
0 289.0 4635.0 100.0
0 289.1 4636.5 100.0
0 289.2 4638.0 100.0
0 289.3 4639.5 100.0
0 289.4 4641.0 100.0
0 289.5 4642.5 100.0
0 289.6 4644.0 100.0
0 289.7 4645.5 100.0
0 289.8 4647.0 100.0
0 289.9 4648.5 100.0
0 290.0 4650.0 100.0
0 290.1 4651.5 100.0
0 290.2 4653.0 100.0
0 290.3 4654.5 100.0
0 290.4 4656.0 100.0
0 290.5 4657.5 100.0
0 290.6 4659.0 100.0
0 290.7 4660.5 100.0
0 290.8 4662.0 100.0
0 290.9 4663.5 100.0
0 291.0 4665.0 100.0
0 291.1 4666.5 100.0
0 291.2 4668.0 100.0
0 291.3 4669.5 100.0
0 291.4 4671.0 100.0
0 291.5 4672.5 100.0
0 291.6 4674.0 100.0
0 291.7 4675.5 100.0
0 291.8 4677.0 100.0
0 291.9 4678.5 100.0
0 292.0 4680.0 100.0
0 292.1 4681.5 100.0
0 292.2 4683.0 100.0
0 292.3 4684.5 100.0
0 292.4 4686.0 100.0
0 292.5 4687.5 100.0
0 292.6 4689.0 100.0
0 292.7 4690.5 100.0
0 292.8 4692.0 100.0
0 292.9 4693.5 100.0
0 293.0 4695.0 100.0
0 293.1 4696.5 100.0
0 293.2 4698.0 100.0
0 293.3 4699.5 100.0
0 293.4 4701.0 100.0
0 293.5 4702.5 100.0
0 293.6 4704.0 100.0
0 293.7 4705.5 100.0
0 293.8 4707.0 100.0
0 293.9 4708.5 100.0
0 294.0 4710.0 100.0
0 294.1 4711.5 100.0
0 294.2 4713.0 100.0
0 294.3 4714.5 100.0
0 294.4 4716.0 100.0
0 294.5 4717.5 100.0
0 294.6 4719.0 100.0
0 294.7 4720.5 100.0
0 294.8 4722.0 100.0
0 294.9 4723.5 100.0
0 295.0 4725.0 100.0
0 295.1 4726.5 100.0
0 295.2 4728.0 100.0
0 295.3 4729.5 100.0
0 295.4 4731.0 100.0
0 295.5 4732.5 100.0
0 295.6 4734.0 100.0
0 295.7 4735.5 100.0
0 295.8 4737.0 100.0
0 295.9 4738.5 100.0
0 296.0 4740.0 100.0
0 296.1 4741.5 100.0
0 296.2 4743.0 100.0
0 296.3 4744.5 100.0
0 296.4 4746.0 100.0
0 296.5 4747.5 100.0
0 296.6 4749.0 100.0
0 296.7 4750.5 100.0
0 296.8 4752.0 100.0
0 296.9 4753.5 100.0
0 297.0 4755.0 100.0
0 297.1 4756.5 100.0
0 297.2 4758.0 100.0
0 297.3 4759.5 100.0
0 297.4 4761.0 100.0
0 297.5 4762.5 100.0
0 297.6 4764.0 100.0
0 297.7 4765.5 100.0
0 297.8 4767.0 100.0
0 297.9 4768.5 100.0
0 298.0 4770.0 100.0
0 298.1 4771.5 100.0
0 298.2 4773.0 100.0
0 298.3 4774.5 100.0
0 298.4 4776.0 100.0
0 298.5 4777.5 100.0
0 298.6 4779.0 100.0
0 298.7 4780.5 100.0
0 298.8 4782.0 100.0
0 298.9 4783.5 100.0
0 299.0 4785.0 100.0
0 299.1 4786.5 100.0
0 299.2 4788.0 100.0
0 299.3 4789.5 100.0
0 299.4 4791.0 100.0
0 299.5 4792.5 100.0
0 299.6 4794.0 100.0
0 299.7 4795.5 100.0
0 299.8 4797.0 100.0
0 299.9 4798.5 100.0
0 300.0 4800.0 100.0
0 300.1 4801.5 100.0
0 300.2 4803.0 100.0
0 300.3 4804.5 100.0
0 300.4 4806.0 100.0
0 300.5 4807.5 100.0
0 300.6 4809.0 100.0
0 300.7 4810.5 100.0
0 300.8 4812.0 100.0
0 300.9 4813.5 100.0
0 301.0 4815.0 100.0
0 301.1 4816.5 100.0
0 301.2 4818.0 100.0
0 301.3 4819.5 100.0
0 301.4 4821.0 100.0
0 301.5 4822.5 100.0
0 301.6 4824.0 100.0
0 301.7 4825.5 100.0
0 301.8 4827.0 100.0
0 301.9 4828.5 100.0
0 302.0 4830.0 100.0
0 302.1 4831.5 100.0
0 302.2 4833.0 100.0
0 302.3 4834.5 100.0
0 302.4 4836.0 100.0
0 302.5 4837.5 100.0
0 302.6 4839.0 100.0
0 302.7 4840.5 100.0
0 302.8 4842.0 100.0
0 302.9 4843.5 100.0
0 303.0 4845.0 100.0
0 303.1 4846.5 100.0
0 303.2 4848.0 100.0
0 303.3 4849.5 100.0
0 303.4 4851.0 100.0
0 303.5 4852.5 100.0
0 303.6 4854.0 100.0
0 303.7 4855.5 100.0
0 303.8 4857.0 100.0
0 303.9 4858.5 100.0
0 304.0 4860.0 100.0
0 304.1 4861.5 100.0
0 304.2 4863.0 100.0
0 304.3 4864.5 100.0
0 304.4 4866.0 100.0
0 304.5 4867.5 100.0
0 304.6 4869.0 100.0
0 304.7 4870.5 100.0
0 304.8 4872.0 100.0
0 304.9 4873.5 100.0
0 305.0 4875.0 100.0
0 305.1 4876.5 100.0
0 305.2 4878.0 100.0
0 305.3 4879.5 100.0
0 305.4 4881.0 100.0
0 305.5 4882.5 100.0
0 305.6 4884.0 100.0
0 305.7 4885.5 100.0
0 305.8 4887.0 100.0
0 305.9 4888.5 100.0
0 306.0 4890.0 100.0
0 306.1 4891.5 100.0
0 306.2 4893.0 100.0
0 306.3 4894.5 100.0
0 306.4 4896.0 100.0
0 306.5 4897.5 100.0
0 306.6 4899.0 100.0
0 306.7 4900.5 100.0
0 306.8 4902.0 100.0
0 306.9 4903.5 100.0
0 307.0 4905.0 100.0
0 307.1 4906.5 100.0
0 307.2 4908.0 100.0
0 307.3 4909.5 100.0
0 307.4 4911.0 100.0
0 307.5 4912.5 100.0
0 307.6 4914.0 100.0
0 307.7 4915.5 100.0
0 307.8 4917.0 100.0
0 307.9 4918.5 100.0
0 308.0 4920.0 100.0
0 308.1 4921.5 100.0
0 308.2 4923.0 100.0
0 308.3 4924.5 100.0
0 308.4 4926.0 100.0
0 308.5 4927.5 100.0
0 308.6 4929.0 100.0
0 308.7 4930.5 100.0
0 308.8 4932.0 100.0
0 308.9 4933.5 100.0
0 309.0 4935.0 100.0
0 309.1 4936.5 100.0
0 309.2 4938.0 100.0
0 309.3 4939.5 100.0
0 309.4 4941.0 100.0
0 309.5 4942.5 100.0
0 309.6 4944.0 100.0
0 309.7 4945.5 100.0
0 309.8 4947.0 100.0
0 309.9 4948.5 100.0
0 310.0 4950.0 100.0
0 310.1 4951.5 100.0
0 310.2 4953.0 100.0
0 310.3 4954.5 100.0
0 310.4 4956.0 100.0
0 310.5 4957.5 100.0
0 310.6 4959.0 100.0
0 310.7 4960.5 100.0
0 310.8 4962.0 100.0
0 310.9 4963.5 100.0
0 311.0 4965.0 100.0
0 311.1 4966.5 100.0
0 311.2 4968.0 100.0
0 311.3 4969.5 100.0
0 311.4 4971.0 100.0
0 311.5 4972.5 100.0
0 311.6 4974.0 100.0
0 311.7 4975.5 100.0
0 311.8 4977.0 100.0
0 311.9 4978.5 100.0
0 312.0 4980.0 100.0
0 312.1 4981.5 100.0
0 312.2 4983.0 100.0
0 312.3 4984.5 100.0
0 312.4 4986.0 100.0
0 312.5 4987.5 100.0
0 312.6 4989.0 100.0
0 312.7 4990.5 100.0
0 312.8 4992.0 100.0
0 312.9 4993.5 100.0
0 313.0 4995.0 100.0
0 313.1 4996.5 100.0
0 313.2 4998.0 100.0
0 313.3 4999.5 100.0
0 313.4 5001.0 100.0
0 313.5 5002.5 100.0
0 313.6 5004.0 100.0
0 313.7 5005.5 100.0
0 313.8 5007.0 100.0
0 313.9 5008.5 100.0
0 314.0 5010.0 100.0
0 314.1 5011.5 100.0
0 314.2 5013.0 100.0
0 314.3 5014.5 100.0
0 314.4 5016.0 100.0
0 314.5 5017.5 100.0
0 314.6 5019.0 100.0
0 314.7 5020.5 100.0
0 314.8 5022.0 100.0
0 314.9 5023.5 100.0
0 315.0 5025.0 100.0
0 315.1 5026.5 100.0
0 315.2 5028.0 100.0
0 315.3 5029.5 100.0
0 315.4 5031.0 100.0
0 315.5 5032.5 100.0
0 315.6 5034.0 100.0
0 315.7 5035.5 100.0
0 315.8 5037.0 100.0
0 315.9 5038.5 100.0
0 316.0 5040.0 100.0
0 316.1 5041.5 100.0
0 316.2 5043.0 100.0
0 316.3 5044.5 100.0
0 316.4 5046.0 100.0
0 316.5 5047.5 100.0
0 316.6 5049.0 100.0
0 316.7 5050.5 100.0
0 316.8 5052.0 100.0
0 316.9 5053.5 100.0
0 317.0 5055.0 100.0
0 317.1 5056.5 100.0
0 317.2 5058.0 100.0
0 317.3 5059.5 100.0
0 317.4 5061.0 100.0
0 317.5 5062.5 100.0
0 317.6 5064.0 100.0
0 317.7 5065.5 100.0
0 317.8 5067.0 100.0
0 317.9 5068.5 100.0
0 318.0 5070.0 100.0
0 318.1 5071.5 100.0
0 318.2 5073.0 100.0
0 318.3 5074.5 100.0
0 318.4 5076.0 100.0
0 318.5 5077.5 100.0
0 318.6 5079.0 100.0
0 318.7 5080.5 100.0
0 318.8 5082.0 100.0
0 318.9 5083.5 100.0
0 319.0 5085.0 100.0
0 319.1 5086.5 100.0
0 319.2 5088.0 100.0
0 319.3 5089.5 100.0
0 319.4 5091.0 100.0
0 319.5 5092.5 100.0
0 319.6 5094.0 100.0
0 319.7 5095.5 100.0
0 319.8 5097.0 100.0
0 319.9 5098.5 100.0
0 320.0 5100.0 100.0
0 320.1 5101.5 100.0
0 320.2 5103.0 100.0
0 320.3 5104.5 100.0
0 320.4 5106.0 100.0
0 320.5 5107.5 100.0
0 320.6 5109.0 100.0
0 320.7 5110.5 100.0
0 320.8 5112.0 100.0
0 320.9 5113.5 100.0
0 321.0 5115.0 100.0
0 321.1 5116.5 100.0
0 321.2 5118.0 100.0
0 321.3 5119.5 100.0
0 321.4 5121.0 100.0
0 321.5 5122.5 100.0
0 321.6 5124.0 100.0
0 321.7 5125.5 100.0
0 321.8 5127.0 100.0
0 321.9 5128.5 100.0
0 322.0 5130.0 100.0
0 322.1 5131.5 100.0
0 322.2 5133.0 100.0
0 322.3 5134.5 100.0
0 322.4 5136.0 100.0
0 322.5 5137.5 100.0
0 322.6 5139.0 100.0
0 322.7 5140.5 100.0
0 322.8 5142.0 100.0
0 322.9 5143.5 100.0
0 323.0 5145.0 100.0
0 323.1 5146.5 100.0
0 323.2 5148.0 100.0
0 323.3 5149.5 100.0
0 323.4 5151.0 100.0
0 323.5 5152.5 100.0
0 323.6 5154.0 100.0
0 323.7 5155.5 100.0
0 323.8 5157.0 100.0
0 323.9 5158.5 100.0
0 324.0 5160.0 100.0
0 324.1 5161.5 100.0
0 324.2 5163.0 100.0
0 324.3 5164.5 100.0
0 324.4 5166.0 100.0
0 324.5 5167.5 100.0
0 324.6 5169.0 100.0
0 324.7 5170.5 100.0
0 324.8 5172.0 100.0
0 324.9 5173.5 100.0
0 325.0 5175.0 100.0
0 325.1 5176.5 100.0
0 325.2 5178.0 100.0
0 325.3 5179.5 100.0
0 325.4 5181.0 100.0
0 325.5 5182.5 100.0
0 325.6 5184.0 100.0
0 325.7 5185.5 100.0
0 325.8 5187.0 100.0
0 325.9 5188.5 100.0
0 326.0 5190.0 100.0
0 326.1 5191.5 100.0
0 326.2 5193.0 100.0
0 326.3 5194.5 100.0
0 326.4 5196.0 100.0
0 326.5 5197.5 100.0
0 326.6 5199.0 100.0
0 326.7 5200.5 100.0
0 326.8 5202.0 100.0
0 326.9 5203.5 100.0
0 327.0 5205.0 100.0
0 327.1 5206.5 100.0
0 327.2 5208.0 100.0
0 327.3 5209.5 100.0
0 327.4 5211.0 100.0
0 327.5 5212.5 100.0
0 327.6 5214.0 100.0
0 327.7 5215.5 100.0
0 327.8 5217.0 100.0
0 327.9 5218.5 100.0
0 328.0 5220.0 100.0
0 328.1 5221.5 100.0
0 328.2 5223.0 100.0
0 328.3 5224.5 100.0
0 328.4 5226.0 100.0
0 328.5 5227.5 100.0
0 328.6 5229.0 100.0
0 328.7 5230.5 100.0
0 328.8 5232.0 100.0
0 328.9 5233.5 100.0
0 329.0 5235.0 100.0
0 329.1 5236.5 100.0
0 329.2 5238.0 100.0
0 329.3 5239.5 100.0
0 329.4 5241.0 100.0
0 329.5 5242.5 100.0
0 329.6 5244.0 100.0
0 329.7 5245.5 100.0
0 329.8 5247.0 100.0
0 329.9 5248.5 100.0
0 330.0 5250.0 100.0
0 330.1 5251.5 100.0
0 330.2 5253.0 100.0
0 330.3 5254.5 100.0
0 330.4 5256.0 100.0
0 330.5 5257.5 100.0
0 330.6 5259.0 100.0
0 330.7 5260.5 100.0
0 330.8 5262.0 100.0
0 330.9 5263.5 100.0
0 331.0 5265.0 100.0
0 331.1 5266.5 100.0
0 331.2 5268.0 100.0
0 331.3 5269.5 100.0
0 331.4 5271.0 100.0
0 331.5 5272.5 100.0
0 331.6 5274.0 100.0
0 331.7 5275.5 100.0
0 331.8 5277.0 100.0
0 331.9 5278.5 100.0
0 332.0 5280.0 100.0
0 332.1 5281.5 100.0
0 332.2 5283.0 100.0
0 332.3 5284.5 100.0
0 332.4 5286.0 100.0
0 332.5 5287.5 100.0
0 332.6 5289.0 100.0
0 332.7 5290.5 100.0
0 332.8 5292.0 100.0
0 332.9 5293.5 100.0
0 333.0 5295.0 100.0
0 333.1 5296.5 100.0
0 333.2 5298.0 100.0
0 333.3 5299.5 100.0
0 333.4 5301.0 100.0
0 333.5 5302.5 100.0
0 333.6 5304.0 100.0
0 333.7 5305.5 100.0
0 333.8 5307.0 100.0
0 333.9 5308.5 100.0
0 334.0 5310.0 100.0
0 334.1 5311.5 100.0
0 334.2 5313.0 100.0
0 334.3 5314.5 100.0
0 334.4 5316.0 100.0
0 334.5 5317.5 100.0
0 334.6 5319.0 100.0
0 334.7 5320.5 100.0
0 334.8 5322.0 100.0
0 334.9 5323.5 100.0
0 335.0 5325.0 100.0
0 335.1 5326.5 100.0
0 335.2 5328.0 100.0
0 335.3 5329.5 100.0
0 335.4 5331.0 100.0
0 335.5 5332.5 100.0
0 335.6 5334.0 100.0
0 335.7 5335.5 100.0
0 335.8 5337.0 100.0
0 335.9 5338.5 100.0
0 336.0 5340.0 100.0
0 336.1 5341.5 100.0
0 336.2 5343.0 100.0
0 336.3 5344.5 100.0
0 336.4 5346.0 100.0
0 336.5 5347.5 100.0
0 336.6 5349.0 100.0
0 336.7 5350.5 100.0
0 336.8 5352.0 100.0
0 336.9 5353.5 100.0
0 337.0 5355.0 100.0
0 337.1 5356.5 100.0
0 337.2 5358.0 100.0
0 337.3 5359.5 100.0
0 337.4 5361.0 100.0
0 337.5 5362.5 100.0
0 337.6 5364.0 100.0
0 337.7 5365.5 100.0
0 337.8 5367.0 100.0
0 337.9 5368.5 100.0
0 338.0 5370.0 100.0
0 338.1 5371.5 100.0
0 338.2 5373.0 100.0
0 338.3 5374.5 100.0
0 338.4 5376.0 100.0
0 338.5 5377.5 100.0
0 338.6 5379.0 100.0
0 338.7 5380.5 100.0
0 338.8 5382.0 100.0
0 338.9 5383.5 100.0
0 339.0 5385.0 100.0
0 339.1 5386.5 100.0
0 339.2 5388.0 100.0
0 339.3 5389.5 100.0
0 339.4 5391.0 100.0
0 339.5 5392.5 100.0
0 339.6 5394.0 100.0
0 339.7 5395.5 100.0
0 339.8 5397.0 100.0
0 339.9 5398.5 100.0
0 340.0 5400.0 100.0
0 340.1 5401.5 100.0
0 340.2 5403.0 100.0
0 340.3 5404.5 100.0
0 340.4 5406.0 100.0
0 340.5 5407.5 100.0
0 340.6 5409.0 100.0
0 340.7 5410.5 100.0
0 340.8 5412.0 100.0
0 340.9 5413.5 100.0
0 341.0 5415.0 100.0
0 341.1 5416.5 100.0
0 341.2 5418.0 100.0
0 341.3 5419.5 100.0
0 341.4 5421.0 100.0
0 341.5 5422.5 100.0
0 341.6 5424.0 100.0
0 341.7 5425.5 100.0
0 341.8 5427.0 100.0
0 341.9 5428.5 100.0
0 342.0 5430.0 100.0
0 342.1 5431.5 100.0
0 342.2 5433.0 100.0
0 342.3 5434.5 100.0
0 342.4 5436.0 100.0
0 342.5 5437.5 100.0
0 342.6 5439.0 100.0
0 342.7 5440.5 100.0
0 342.8 5442.0 100.0
0 342.9 5443.5 100.0
0 343.0 5445.0 100.0
0 343.1 5446.5 100.0
0 343.2 5448.0 100.0
0 343.3 5449.5 100.0
0 343.4 5451.0 100.0
0 343.5 5452.5 100.0
0 343.6 5454.0 100.0
0 343.7 5455.5 100.0
0 343.8 5457.0 100.0
0 343.9 5458.5 100.0
0 344.0 5460.0 100.0
0 344.1 5461.5 100.0
0 344.2 5463.0 100.0
0 344.3 5464.5 100.0
0 344.4 5466.0 100.0
0 344.5 5467.5 100.0
0 344.6 5469.0 100.0
0 344.7 5470.5 100.0
0 344.8 5472.0 100.0
0 344.9 5473.5 100.0
0 345.0 5475.0 100.0
0 345.1 5476.5 100.0
0 345.2 5478.0 100.0
0 345.3 5479.5 100.0
0 345.4 5481.0 100.0
0 345.5 5482.5 100.0
0 345.6 5484.0 100.0
0 345.7 5485.5 100.0
0 345.8 5487.0 100.0
0 345.9 5488.5 100.0
0 346.0 5490.0 100.0
0 346.1 5491.5 100.0
0 346.2 5493.0 100.0
0 346.3 5494.5 100.0
0 346.4 5496.0 100.0
0 346.5 5497.5 100.0
0 346.6 5499.0 100.0
0 346.7 5500.5 100.0
0 346.8 5502.0 100.0
0 346.9 5503.5 100.0
0 347.0 5505.0 100.0
0 347.1 5506.5 100.0
0 347.2 5508.0 100.0
0 347.3 5509.5 100.0
0 347.4 5511.0 100.0
0 347.5 5512.5 100.0
0 347.6 5514.0 100.0
0 347.7 5515.5 100.0
0 347.8 5517.0 100.0
0 347.9 5518.5 100.0
0 348.0 5520.0 100.0
0 348.1 5521.5 100.0
0 348.2 5523.0 100.0
0 348.3 5524.5 100.0
0 348.4 5526.0 100.0
0 348.5 5527.5 100.0
0 348.6 5529.0 100.0
0 348.7 5530.5 100.0
0 348.8 5532.0 100.0
0 348.9 5533.5 100.0
0 349.0 5535.0 100.0
0 349.1 5536.5 100.0
0 349.2 5538.0 100.0
0 349.3 5539.5 100.0
0 349.4 5541.0 100.0
0 349.5 5542.5 100.0
0 349.6 5544.0 100.0
0 349.7 5545.5 100.0
0 349.8 5547.0 100.0
0 349.9 5548.5 100.0
0 350.0 5550.0 100.0
0 350.1 5551.5 100.0
0 350.2 5553.0 100.0
0 350.3 5554.5 100.0
0 350.4 5556.0 100.0
0 350.5 5557.5 100.0
0 350.6 5559.0 100.0
0 350.7 5560.5 100.0
0 350.8 5562.0 100.0
0 350.9 5563.5 100.0
0 351.0 5565.0 100.0
0 351.1 5566.5 100.0
0 351.2 5568.0 100.0
0 351.3 5569.5 100.0
0 351.4 5571.0 100.0
0 351.5 5572.5 100.0
0 351.6 5574.0 100.0
0 351.7 5575.5 100.0
0 351.8 5577.0 100.0
0 351.9 5578.5 100.0
0 352.0 5580.0 100.0
0 352.1 5581.5 100.0
0 352.2 5583.0 100.0
0 352.3 5584.5 100.0
0 352.4 5586.0 100.0
0 352.5 5587.5 100.0
0 352.6 5589.0 100.0
0 352.7 5590.5 100.0
0 352.8 5592.0 100.0
0 352.9 5593.5 100.0
0 353.0 5595.0 100.0
0 353.1 5596.5 100.0
0 353.2 5598.0 100.0
0 353.3 5599.5 100.0
0 353.4 5601.0 100.0
0 353.5 5602.5 100.0
0 353.6 5604.0 100.0
0 353.7 5605.5 100.0
0 353.8 5607.0 100.0
0 353.9 5608.5 100.0
0 354.0 5610.0 100.0
0 354.1 5611.5 100.0
0 354.2 5613.0 100.0
0 354.3 5614.5 100.0
0 354.4 5616.0 100.0
0 354.5 5617.5 100.0
0 354.6 5619.0 100.0
0 354.7 5620.5 100.0
0 354.8 5622.0 100.0
0 354.9 5623.5 100.0
0 355.0 5625.0 100.0
0 355.1 5626.5 100.0
0 355.2 5628.0 100.0
0 355.3 5629.5 100.0
0 355.4 5631.0 100.0
0 355.5 5632.5 100.0
0 355.6 5634.0 100.0
0 355.7 5635.5 100.0
0 355.8 5637.0 100.0
0 355.9 5638.5 100.0
0 356.0 5640.0 100.0
0 356.1 5641.5 100.0
0 356.2 5643.0 100.0
0 356.3 5644.5 100.0
0 356.4 5646.0 100.0
0 356.5 5647.5 100.0
0 356.6 5649.0 100.0
0 356.7 5650.5 100.0
0 356.8 5652.0 100.0
0 356.9 5653.5 100.0
0 357.0 5655.0 100.0
0 357.1 5656.5 100.0
0 357.2 5658.0 100.0
0 357.3 5659.5 100.0
0 357.4 5661.0 100.0
0 357.5 5662.5 100.0
0 357.6 5664.0 100.0
0 357.7 5665.5 100.0
0 357.8 5667.0 100.0
0 357.9 5668.5 100.0
0 358.0 5670.0 100.0
0 358.1 5671.5 100.0
0 358.2 5673.0 100.0
0 358.3 5674.5 100.0
0 358.4 5676.0 100.0
0 358.5 5677.5 100.0
0 358.6 5679.0 100.0
0 358.7 5680.5 100.0
0 358.8 5682.0 100.0
0 358.9 5683.5 100.0
0 359.0 5685.0 100.0
0 359.1 5686.5 100.0
0 359.2 5688.0 100.0
0 359.3 5689.5 100.0
0 359.4 5691.0 100.0
0 359.5 5692.5 100.0
0 359.6 5694.0 100.0
0 359.7 5695.5 100.0
0 359.8 5697.0 100.0
0 359.9 5698.5 100.0
0 360.0 5700.0 100.0
0 360.1 5701.5 100.0
0 360.2 5703.0 100.0
0 360.3 5704.5 100.0
0 360.4 5706.0 100.0
0 360.5 5707.5 100.0
0 360.6 5709.0 100.0
0 360.7 5710.5 100.0
0 360.8 5712.0 100.0
0 360.9 5713.5 100.0
0 361.0 5715.0 100.0
0 361.1 5716.5 100.0
0 361.2 5718.0 100.0
0 361.3 5719.5 100.0
0 361.4 5721.0 100.0
0 361.5 5722.5 100.0
0 361.6 5724.0 100.0
0 361.7 5725.5 100.0
0 361.8 5727.0 100.0
0 361.9 5728.5 100.0
0 362.0 5730.0 100.0
0 362.1 5731.5 100.0
0 362.2 5733.0 100.0
0 362.3 5734.5 100.0
0 362.4 5736.0 100.0
0 362.5 5737.5 100.0
0 362.6 5739.0 100.0
0 362.7 5740.5 100.0
0 362.8 5742.0 100.0
0 362.9 5743.5 100.0
0 363.0 5745.0 100.0
0 363.1 5746.5 100.0
0 363.2 5748.0 100.0
0 363.3 5749.5 100.0
0 363.4 5751.0 100.0
0 363.5 5752.5 100.0
0 363.6 5754.0 100.0
0 363.7 5755.5 100.0
0 363.8 5757.0 100.0
0 363.9 5758.5 100.0
0 364.0 5760.0 100.0
0 364.1 5761.5 100.0
0 364.2 5763.0 100.0
0 364.3 5764.5 100.0
0 364.4 5766.0 100.0
0 364.5 5767.5 100.0
0 364.6 5769.0 100.0
0 364.7 5770.5 100.0
0 364.8 5772.0 100.0
0 364.9 5773.5 100.0
0 365.0 5775.0 100.0
0 365.1 5776.5 100.0
0 365.2 5778.0 100.0
0 365.3 5779.5 100.0
0 365.4 5781.0 100.0
0 365.5 5782.5 100.0
0 365.6 5784.0 100.0
0 365.7 5785.5 100.0
0 365.8 5787.0 100.0
0 365.9 5788.5 100.0
0 366.0 5790.0 100.0
0 366.1 5791.5 100.0
0 366.2 5793.0 100.0
0 366.3 5794.5 100.0
0 366.4 5796.0 100.0
0 366.5 5797.5 100.0
0 366.6 5799.0 100.0
0 366.7 5800.5 100.0
0 366.8 5802.0 100.0
0 366.9 5803.5 100.0
0 367.0 5805.0 100.0
0 367.1 5806.5 100.0
0 367.2 5808.0 100.0
0 367.3 5809.5 100.0
0 367.4 5811.0 100.0
0 367.5 5812.5 100.0
0 367.6 5814.0 100.0
0 367.7 5815.5 100.0
0 367.8 5817.0 100.0
0 367.9 5818.5 100.0
0 368.0 5820.0 100.0
0 368.1 5821.5 100.0
0 368.2 5823.0 100.0
0 368.3 5824.5 100.0
0 368.4 5826.0 100.0
0 368.5 5827.5 100.0
0 368.6 5829.0 100.0
0 368.7 5830.5 100.0
0 368.8 5832.0 100.0
0 368.9 5833.5 100.0
0 369.0 5835.0 100.0
0 369.1 5836.5 100.0
0 369.2 5838.0 100.0
0 369.3 5839.5 100.0
0 369.4 5841.0 100.0
0 369.5 5842.5 100.0
0 369.6 5844.0 100.0
0 369.7 5845.5 100.0
0 369.8 5847.0 100.0
0 369.9 5848.5 100.0
0 370.0 5850.0 100.0
0 370.1 5851.5 100.0
0 370.2 5853.0 100.0
0 370.3 5854.5 100.0
0 370.4 5856.0 100.0
0 370.5 5857.5 100.0
0 370.6 5859.0 100.0
0 370.7 5860.5 100.0
0 370.8 5862.0 100.0
0 370.9 5863.5 100.0
0 371.0 5865.0 100.0
0 371.1 5866.5 100.0
0 371.2 5868.0 100.0
0 371.3 5869.5 100.0
0 371.4 5871.0 100.0
0 371.5 5872.5 100.0
0 371.6 5874.0 100.0
0 371.7 5875.5 100.0
0 371.8 5877.0 100.0
0 371.9 5878.5 100.0
0 372.0 5880.0 100.0
0 372.1 5881.5 100.0
0 372.2 5883.0 100.0
0 372.3 5884.5 100.0
0 372.4 5886.0 100.0
0 372.5 5887.5 100.0
0 372.6 5889.0 100.0
0 372.7 5890.5 100.0
0 372.8 5892.0 100.0
0 372.9 5893.5 100.0
0 373.0 5895.0 100.0
0 373.1 5896.5 100.0
0 373.2 5898.0 100.0
0 373.3 5899.5 100.0
0 373.4 5901.0 100.0
0 373.5 5902.5 100.0
0 373.6 5904.0 100.0
0 373.7 5905.5 100.0
0 373.8 5907.0 100.0
0 373.9 5908.5 100.0
0 374.0 5910.0 100.0
0 374.1 5911.5 100.0
0 374.2 5913.0 100.0
0 374.3 5914.5 100.0
0 374.4 5916.0 100.0
0 374.5 5917.5 100.0
0 374.6 5919.0 100.0
0 374.7 5920.5 100.0
0 374.8 5922.0 100.0
0 374.9 5923.5 100.0
0 375.0 5925.0 100.0
0 375.1 5926.5 100.0
0 375.2 5928.0 100.0
0 375.3 5929.5 100.0
0 375.4 5931.0 100.0
0 375.5 5932.5 100.0
0 375.6 5934.0 100.0
0 375.7 5935.5 100.0
0 375.8 5937.0 100.0
0 375.9 5938.5 100.0
0 376.0 5940.0 100.0
0 376.1 5941.5 100.0
0 376.2 5943.0 100.0
0 376.3 5944.5 100.0
0 376.4 5946.0 100.0
0 376.5 5947.5 100.0
0 376.6 5949.0 100.0
0 376.7 5950.5 100.0
0 376.8 5952.0 100.0
0 376.9 5953.5 100.0
0 377.0 5955.0 100.0
0 377.1 5956.5 100.0
0 377.2 5958.0 100.0
0 377.3 5959.5 100.0
0 377.4 5961.0 100.0
0 377.5 5962.5 100.0
0 377.6 5964.0 100.0
0 377.7 5965.5 100.0
0 377.8 5967.0 100.0
0 377.9 5968.5 100.0
0 378.0 5970.0 100.0
0 378.1 5971.5 100.0
0 378.2 5973.0 100.0
0 378.3 5974.5 100.0
0 378.4 5976.0 100.0
0 378.5 5977.5 100.0
0 378.6 5979.0 100.0
0 378.7 5980.5 100.0
0 378.8 5982.0 100.0
0 378.9 5983.5 100.0
0 379.0 5985.0 100.0
0 379.1 5986.5 100.0
0 379.2 5988.0 100.0
0 379.3 5989.5 100.0
0 379.4 5991.0 100.0
0 379.5 5992.5 100.0
0 379.6 5994.0 100.0
0 379.7 5995.5 100.0
0 379.8 5997.0 100.0
0 379.9 5998.5 100.0
0 380.0 6000.0 100.0
0 380.1 6001.5 100.0
0 380.2 6003.0 100.0
0 380.3 6004.5 100.0
0 380.4 6006.0 100.0
0 380.5 6007.5 100.0
0 380.6 6009.0 100.0
0 380.7 6010.5 100.0
0 380.8 6012.0 100.0
0 380.9 6013.5 100.0
0 381.0 6015.0 100.0
0 381.1 6016.5 100.0
0 381.2 6018.0 100.0
0 381.3 6019.5 100.0
0 381.4 6021.0 100.0
0 381.5 6022.5 100.0
0 381.6 6024.0 100.0
0 381.7 6025.5 100.0
0 381.8 6027.0 100.0
0 381.9 6028.5 100.0
0 382.0 6030.0 100.0
0 382.1 6031.5 100.0
0 382.2 6033.0 100.0
0 382.3 6034.5 100.0
0 382.4 6036.0 100.0
0 382.5 6037.5 100.0
0 382.6 6039.0 100.0
0 382.7 6040.5 100.0
0 382.8 6042.0 100.0
0 382.9 6043.5 100.0
0 383.0 6045.0 100.0
0 383.1 6046.5 100.0
0 383.2 6048.0 100.0
0 383.3 6049.5 100.0
0 383.4 6051.0 100.0
0 383.5 6052.5 100.0
0 383.6 6054.0 100.0
0 383.7 6055.5 100.0
0 383.8 6057.0 100.0
0 383.9 6058.5 100.0
0 384.0 6060.0 100.0
0 384.1 6061.5 100.0
0 384.2 6063.0 100.0
0 384.3 6064.5 100.0
0 384.4 6066.0 100.0
0 384.5 6067.5 100.0
0 384.6 6069.0 100.0
0 384.7 6070.5 100.0
0 384.8 6072.0 100.0
0 384.9 6073.5 100.0
0 385.0 6075.0 100.0
0 385.1 6076.5 100.0
0 385.2 6078.0 100.0
0 385.3 6079.5 100.0
0 385.4 6081.0 100.0
0 385.5 6082.5 100.0
0 385.6 6084.0 100.0
0 385.7 6085.5 100.0
0 385.8 6087.0 100.0
0 385.9 6088.5 100.0
0 386.0 6090.0 100.0
0 386.1 6091.5 100.0
0 386.2 6093.0 100.0
0 386.3 6094.5 100.0
0 386.4 6096.0 100.0
0 386.5 6097.5 100.0
0 386.6 6099.0 100.0
0 386.7 6100.5 100.0
0 386.8 6102.0 100.0
0 386.9 6103.5 100.0
0 387.0 6105.0 100.0
0 387.1 6106.5 100.0
0 387.2 6108.0 100.0
0 387.3 6109.5 100.0
0 387.4 6111.0 100.0
0 387.5 6112.5 100.0
0 387.6 6114.0 100.0
0 387.7 6115.5 100.0
0 387.8 6117.0 100.0
0 387.9 6118.5 100.0
0 388.0 6120.0 100.0
0 388.1 6121.5 100.0
0 388.2 6123.0 100.0
0 388.3 6124.5 100.0
0 388.4 6126.0 100.0
0 388.5 6127.5 100.0
0 388.6 6129.0 100.0
0 388.7 6130.5 100.0
0 388.8 6132.0 100.0
0 388.9 6133.5 100.0
0 389.0 6135.0 100.0
0 389.1 6136.5 100.0
0 389.2 6138.0 100.0
0 389.3 6139.5 100.0
0 389.4 6141.0 100.0
0 389.5 6142.5 100.0
0 389.6 6144.0 100.0
0 389.7 6145.5 100.0
0 389.8 6147.0 100.0
0 389.9 6148.5 100.0
0 390.0 6150.0 100.0
0 390.1 6151.5 100.0
0 390.2 6153.0 100.0
0 390.3 6154.5 100.0
0 390.4 6156.0 100.0
0 390.5 6157.5 100.0
0 390.6 6159.0 100.0
0 390.7 6160.5 100.0
0 390.8 6162.0 100.0
0 390.9 6163.5 100.0
0 391.0 6165.0 100.0
0 391.1 6166.5 100.0
0 391.2 6168.0 100.0
0 391.3 6169.5 100.0
0 391.4 6171.0 100.0
0 391.5 6172.5 100.0
0 391.6 6174.0 100.0
0 391.7 6175.5 100.0
0 391.8 6177.0 100.0
0 391.9 6178.5 100.0
0 392.0 6180.0 100.0
0 392.1 6181.5 100.0
0 392.2 6183.0 100.0
0 392.3 6184.5 100.0
0 392.4 6186.0 100.0
0 392.5 6187.5 100.0
0 392.6 6189.0 100.0
0 392.7 6190.5 100.0
0 392.8 6192.0 100.0
0 392.9 6193.5 100.0
0 393.0 6195.0 100.0
0 393.1 6196.5 100.0
0 393.2 6198.0 100.0
0 393.3 6199.5 100.0
0 393.4 6201.0 100.0
0 393.5 6202.5 100.0
0 393.6 6204.0 100.0
0 393.7 6205.5 100.0
0 393.8 6207.0 100.0
0 393.9 6208.5 100.0
0 394.0 6210.0 100.0
0 394.1 6211.5 100.0
0 394.2 6213.0 100.0
0 394.3 6214.5 100.0
0 394.4 6216.0 100.0
0 394.5 6217.5 100.0
0 394.6 6219.0 100.0
0 394.7 6220.5 100.0
0 394.8 6222.0 100.0
0 394.9 6223.5 100.0
0 395.0 6225.0 100.0
0 395.1 6226.5 100.0
0 395.2 6228.0 100.0
0 395.3 6229.5 100.0
0 395.4 6231.0 100.0
0 395.5 6232.5 100.0
0 395.6 6234.0 100.0
0 395.7 6235.5 100.0
0 395.8 6237.0 100.0
0 395.9 6238.5 100.0
0 396.0 6240.0 100.0
0 396.1 6241.5 100.0
0 396.2 6243.0 100.0
0 396.3 6244.5 100.0
0 396.4 6246.0 100.0
0 396.5 6247.5 100.0
0 396.6 6249.0 100.0
0 396.7 6250.5 100.0
0 396.8 6252.0 100.0
0 396.9 6253.5 100.0
0 397.0 6255.0 100.0
0 397.1 6256.5 100.0
0 397.2 6258.0 100.0
0 397.3 6259.5 100.0
0 397.4 6261.0 100.0
0 397.5 6262.5 100.0
0 397.6 6264.0 100.0
0 397.7 6265.5 100.0
0 397.8 6267.0 100.0
0 397.9 6268.5 100.0
0 398.0 6270.0 100.0
0 398.1 6271.5 100.0
0 398.2 6273.0 100.0
0 398.3 6274.5 100.0
0 398.4 6276.0 100.0
0 398.5 6277.5 100.0
0 398.6 6279.0 100.0
0 398.7 6280.5 100.0
0 398.8 6282.0 100.0
0 398.9 6283.5 100.0
0 399.0 6285.0 100.0
0 399.1 6286.5 100.0
0 399.2 6288.0 100.0
0 399.3 6289.5 100.0
0 399.4 6291.0 100.0
0 399.5 6292.5 100.0
0 399.6 6294.0 100.0
0 399.7 6295.5 100.0
0 399.8 6297.0 100.0
0 399.9 6298.5 100.0
0 400.0 6300.0 100.0